rostopic echo /front/scan

header: 
  seq: 202687
  stamp: 
    secs: 1524004922
    nsecs: 404269640
  frame_id: front_laser
angle_min: -2.35619449615
angle_max: 2.35619449615
angle_increment: 0.00872664619237
time_increment: 2.77777780866e-05
scan_time: 0.019999999553
range_min: 0.00999999977648
range_max: 20.0
ranges: [2.180999994277954, 2.1710000038146973, 2.135999917984009, 2.111999988555908, 2.1070001125335693, 2.0840001106262207, 2.065000057220459, 2.061000108718872, 1.7050000429153442, 1.4129999876022339, 1.4019999504089355, 1.3890000581741333, 1.3650000095367432, 1.3849999904632568, 1.4010000228881836, 1.4019999504089355, 1.4900000095367432, 1.8279999494552612, 1.8270000219345093, 1.8270000219345093, 1.7970000505447388, 1.8300000429153442, 1.8450000286102295, 1.8459999561309814, 1.8270000219345093, 1.8140000104904175, 1.7970000505447388, 1.7940000295639038, 1.781999945640564, 1.774999976158142, 1.7699999809265137, 1.7699999809265137, 1.7680000066757202, 1.7489999532699585, 1.7350000143051147, 1.715000033378601, 1.715999960899353, 1.7139999866485596, 1.7029999494552612, 1.690999984741211, 1.690000057220459, 1.6790000200271606, 1.6799999475479126, 1.6710000038146973, 1.6710000038146973, 1.6820000410079956, 1.6619999408721924, 1.6460000276565552, 1.6670000553131104, 1.6330000162124634, 1.6510000228881836, 1.6239999532699585, 1.621999979019165, 1.6139999628067017, 1.6119999885559082, 1.5019999742507935, 1.4989999532699585, 1.4869999885559082, 1.4780000448226929, 1.5230000019073486, 1.5290000438690186, 1.5369999408721924, 1.5379999876022339, 1.5829999446868896, 1.5779999494552612, 1.569000005722046, 1.5640000104904175, 1.559000015258789, 1.5640000104904175, 1.5570000410079956, 1.5740000009536743, 1.565999984741211, 1.5440000295639038, 1.5440000295639038, 1.5470000505447388, 1.5540000200271606, 1.5369999408721924, 1.5479999780654907, 1.5420000553131104, 1.5379999876022339, 1.5269999504089355, 1.5440000295639038, 1.5410000085830688, 1.5390000343322754, 1.5460000038146973, 1.534000039100647, 1.5329999923706055, 1.4329999685287476, 1.3890000581741333, 1.4110000133514404, 1.4040000438690186, 1.527999997138977, 1.5329999923706055, 1.5420000553131104, 1.555999994277954, 1.5549999475479126, 1.5499999523162842, 1.555999994277954, 1.565000057220459, 1.5509999990463257, 1.5540000200271606, 1.5670000314712524, 1.569000005722046, 1.5750000476837158, 1.5839999914169312, 1.5829999446868896, 1.5850000381469727, 1.590000033378601, 1.6019999980926514, 1.5759999752044678, 1.590999960899353, 1.5820000171661377, 1.5800000429153442, 1.597000002861023, 1.5889999866485596, 1.6089999675750732, 1.6059999465942383, 1.621000051498413, 1.628000020980835, 1.6349999904632568, 1.6380000114440918, 1.6319999694824219, 1.6410000324249268, 1.6510000228881836, 1.6260000467300415, 1.6469999551773071, 1.659000039100647, 1.659000039100647, 1.6690000295639038, 1.6660000085830688, 1.6929999589920044, 1.6820000410079956, 1.687999963760376, 1.7029999494552612, 1.715999960899353, 1.7029999494552612, 1.7389999628067017, 1.7259999513626099, 1.7400000095367432, 1.753000020980835, 1.7380000352859497, 1.6990000009536743, 1.6729999780654907, 1.6349999904632568, 1.649999976158142, 1.5800000429153442, 1.5729999542236328, 0.003000000026077032, 1.5889999866485596, 1.5750000476837158, 1.600000023841858, 0.003000000026077032, 1.628000020980835, 1.6080000400543213, 1.621000051498413, 1.63100004196167, 0.003000000026077032, 0.003000000026077032, 0.003000000026077032, 0.003000000026077032, 0.003000000026077032, 0.003000000026077032, 0.003000000026077032, 0.003000000026077032, 0.003000000026077032, 0.003000000026077032, 0.003000000026077032, 0.003000000026077032, 0.003000000026077032, 0.003000000026077032, 0.003000000026077032, 0.003000000026077032, 0.003000000026077032, 0.003000000026077032, 0.003000000026077032, 0.003000000026077032, 0.003000000026077032, 0.003000000026077032, 0.003000000026077032, 0.003000000026077032, 0.003000000026077032, 0.003000000026077032, 0.003000000026077032, 0.003000000026077032, 0.003000000026077032, 0.003000000026077032, 0.003000000026077032, 0.003000000026077032, 0.003000000026077032, 0.003000000026077032, 0.003000000026077032, 0.003000000026077032, 0.003000000026077032, 0.003000000026077032, 0.003000000026077032, 0.003000000026077032, 0.003000000026077032, 0.003000000026077032, 0.003000000026077032, 0.003000000026077032, 0.003000000026077032, 0.003000000026077032, 0.003000000026077032, 0.003000000026077032, 0.003000000026077032, 0.003000000026077032, 0.003000000026077032, 0.003000000026077032, 0.003000000026077032, 0.003000000026077032, 0.003000000026077032, 0.9620000123977661, 0.9660000205039978, 0.9710000157356262, 0.003000000026077032, 0.003000000026077032, 0.003000000026077032, 0.003000000026077032, 0.003000000026077032, 0.003000000026077032, 0.003000000026077032, 0.003000000026077032, 0.003000000026077032, 0.003000000026077032, 0.003000000026077032, 0.003000000026077032, 0.003000000026077032, 0.003000000026077032, 0.003000000026077032, 0.003000000026077032, 0.003000000026077032, 0.003000000026077032, 0.003000000026077032, 0.003000000026077032, 0.003000000026077032, 0.003000000026077032, 0.003000000026077032, 0.003000000026077032, 0.003000000026077032, 0.003000000026077032, 0.003000000026077032, 0.003000000026077032, 0.003000000026077032, 0.875, 0.8700000047683716, 0.8700000047683716, 0.878000020980835, 0.8669999837875366, 0.875, 0.8700000047683716, 0.8619999885559082, 0.8519999980926514, 0.8579999804496765, 0.8519999980926514, 0.8489999771118164, 0.8519999980926514, 0.8460000157356262, 0.8519999980926514, 0.8579999804496765, 0.843999981880188, 0.8500000238418579, 0.8379999995231628, 0.8479999899864197, 0.8389999866485596, 0.8370000123977661, 0.8320000171661377, 0.8330000042915344, 0.8209999799728394, 0.8349999785423279, 0.8339999914169312, 0.8410000205039978, 0.8399999737739563, 0.8339999914169312, 0.8420000076293945, 0.8410000205039978, 0.8389999866485596, 0.847000002861023, 0.8399999737739563, 0.8479999899864197, 0.8330000042915344, 0.8489999771118164, 0.8410000205039978, 0.8489999771118164, 0.8500000238418579, 0.8560000061988831, 0.8510000109672546, 0.8529999852180481, 0.8519999980926514, 0.8519999980926514, 0.8579999804496765, 0.8690000176429749, 0.8600000143051147, 0.8740000128746033, 0.8700000047683716, 0.8759999871253967, 0.8830000162124634, 0.8709999918937683, 0.8769999742507935, 0.003000000026077032, 0.878000020980835, 0.003000000026077032, 0.8880000114440918, 0.003000000026077032, 0.003000000026077032, 0.003000000026077032, 0.003000000026077032, 0.003000000026077032, 0.003000000026077032, 0.003000000026077032, 0.003000000026077032, 0.003000000026077032, 0.003000000026077032, 0.003000000026077032, 0.003000000026077032, 0.003000000026077032, 0.003000000026077032, 0.003000000026077032, 0.003000000026077032, 0.003000000026077032, 0.003000000026077032, 0.003000000026077032, 0.9340000152587891, 0.9359999895095825, 0.9319999814033508, 0.003000000026077032, 0.003000000026077032, 0.878000020980835, 0.8629999756813049, 0.8769999742507935, 0.8840000033378601, 0.003000000026077032, 0.8389999866485596, 0.847000002861023, 0.003000000026077032, 0.8650000095367432, 0.8519999980926514, 0.8560000061988831, 0.8429999947547913, 0.8379999995231628, 0.8320000171661377, 0.8190000057220459, 0.8190000057220459, 0.7960000038146973, 0.7910000085830688, 0.7839999794960022, 0.7649999856948853, 0.7549999952316284, 0.7490000128746033, 0.7429999709129333, 0.7250000238418579, 0.7429999709129333, 0.7459999918937683, 0.7559999823570251, 0.7490000128746033, 0.7670000195503235, 0.7509999871253967, 0.7749999761581421, 0.7670000195503235, 0.8019999861717224, 0.7929999828338623, 0.8050000071525574, 0.8180000185966492, 0.828000009059906, 0.8199999928474426, 0.828000009059906, 0.8489999771118164, 0.8510000109672546, 0.859000027179718, 0.8600000143051147, 0.8799999952316284, 0.8889999985694885, 0.902999997138977, 0.9229999780654907, 0.9279999732971191, 0.9390000104904175, 0.9340000152587891, 0.9639999866485596, 0.9750000238418579, 0.9710000157356262, 0.968999981880188, 0.9980000257492065, 1.0210000276565552, 1.0369999408721924, 1.0540000200271606, 1.062999963760376, 1.0870000123977661, 1.0980000495910645, 1.1180000305175781, 1.1440000534057617, 1.156000018119812, 1.1670000553131104, 1.187999963760376, 1.222000002861023, 1.2389999628067017, 1.2120000123977661, 1.034999966621399, 1.0269999504089355, 1.027999997138977, 1.0160000324249268, 1.0290000438690186, 1.003999948501587, 1.00600004196167, 1.0099999904632568, 1.0069999694824219, 0.9950000047683716, 0.9950000047683716, 1.0019999742507935, 0.9810000061988831, 0.9850000143051147, 0.9760000109672546, 0.9679999947547913, 0.9760000109672546, 0.9620000123977661, 0.9639999866485596, 0.9610000252723694, 0.9589999914169312, 0.972000002861023, 0.9679999947547913, 0.003000000026077032, 0.9739999771118164, 0.9580000042915344, 0.003000000026077032, 1.1339999437332153, 0.003000000026077032, 0.003000000026077032, 1.1230000257492065, 1.125, 1.1679999828338623, 1.2599999904632568, 1.3580000400543213, 1.4579999446868896, 1.5920000076293945, 1.6959999799728394, 1.8240000009536743, 1.968999981880188, 2.0810000896453857, 2.194000005722046, 2.502000093460083, 0.003000000026077032, 2.4260001182556152, 2.4630000591278076, 2.6480000019073486, 0.003000000026077032, 0.003000000026077032, 0.003000000026077032, 3.4700000286102295, 3.989000082015991, 3.9730000495910645, 3.933000087738037, 3.9549999237060547, 3.9790000915527344, 3.8399999141693115, 3.8350000381469727, 3.9189999103546143, 4.068999767303467, 4.0279998779296875, 4.197000026702881, 4.208000183105469, 4.206999778747559, 3.171999931335449, 2.9539999961853027, 2.9519999027252197, 1.996000051498413, 1.8860000371932983, 1.8730000257492065, 1.8819999694824219, 1.9500000476837158, 2.9649999141693115, 3.006999969482422, 1.309999942779541, 1.2589999437332153, 1.25, 1.2569999694824219, 1.2599999904632568, 1.2999999523162842, 2.9059998989105225, 3.0299999713897705, 3.0350000858306885, 3.0280001163482666, 3.0269999504089355, 3.0350000858306885, 2.243000030517578, 2.246000051498413, 2.313999891281128, 3.49399995803833, 0.003000000026077032, 0.0, 3.753999948501587, 3.744999885559082, 3.7709999084472656, 3.7839999198913574, 3.7699999809265137, 3.802000045776367, 4.173999786376953, 4.132999897003174, 4.130000114440918, 2.1449999809265137, 2.0859999656677246, 2.069999933242798, 2.069000005722046, 2.0820000171661377, 2.1630001068115234, 2.187000036239624, 2.1679999828338623, 0.003000000026077032, 4.248000144958496, 4.348999977111816, 4.372000217437744, 4.379000186920166, 4.39900016784668, 4.4120001792907715, 4.449999809265137, 4.464000225067139, 4.5, 4.526000022888184, 1.5479999780654907, 1.534999966621399, 1.5099999904632568, 1.5210000276565552, 1.534000039100647, 1.5520000457763672, 1.6799999475479126, 1.6089999675750732, 1.5709999799728394, 1.5880000591278076, 1.6009999513626099, 1.597000002861023, 4.166999816894531, 2.638000011444092, 2.549999952316284, 2.569999933242798, 4.196000099182129, 4.2779998779296875, 4.295000076293945, 4.492000102996826, 5.126999855041504, 5.072999954223633, 4.913000106811523, 4.830999851226807, 4.326000213623047, 4.301000118255615]
intensities: [601.0, 603.0, 608.0, 613.0, 615.0, 615.0, 617.0, 619.0, 676.0, 620.0, 614.0, 646.0, 659.0, 651.0, 627.0, 588.0, 606.0, 615.0, 634.0, 606.0, 579.0, 611.0, 655.0, 659.0, 657.0, 661.0, 659.0, 664.0, 662.0, 662.0, 663.0, 662.0, 664.0, 661.0, 664.0, 666.0, 668.0, 665.0, 658.0, 664.0, 663.0, 665.0, 665.0, 667.0, 667.0, 664.0, 668.0, 669.0, 665.0, 667.0, 667.0, 668.0, 669.0, 648.0, 598.0, 542.0, 531.0, 496.0, 474.0, 529.0, 562.0, 588.0, 605.0, 627.0, 665.0, 682.0, 682.0, 683.0, 683.0, 683.0, 685.0, 687.0, 685.0, 690.0, 687.0, 692.0, 690.0, 690.0, 689.0, 685.0, 703.0, 723.0, 725.0, 723.0, 755.0, 759.0, 766.0, 761.0, 727.0, 681.0, 594.0, 623.0, 671.0, 612.0, 586.0, 560.0, 548.0, 552.0, 557.0, 561.0, 582.0, 585.0, 587.0, 587.0, 581.0, 579.0, 581.0, 575.0, 572.0, 575.0, 571.0, 567.0, 565.0, 562.0, 561.0, 564.0, 563.0, 548.0, 498.0, 487.0, 482.0, 525.0, 540.0, 534.0, 531.0, 529.0, 527.0, 520.0, 517.0, 509.0, 500.0, 508.0, 508.0, 519.0, 548.0, 589.0, 607.0, 604.0, 607.0, 611.0, 584.0, 565.0, 567.0, 565.0, 470.0, 436.0, 431.0, 0.0, 484.0, 517.0, 384.0, 0.0, 372.0, 535.0, 540.0, 418.0, 0.0, 0.0, 0.0, 0.0, 0.0, 0.0, 0.0, 0.0, 0.0, 0.0, 0.0, 0.0, 0.0, 0.0, 0.0, 0.0, 0.0, 0.0, 0.0, 0.0, 0.0, 0.0, 0.0, 0.0, 0.0, 0.0, 0.0, 0.0, 0.0, 0.0, 0.0, 0.0, 0.0, 0.0, 0.0, 0.0, 0.0, 0.0, 0.0, 0.0, 0.0, 0.0, 0.0, 0.0, 0.0, 0.0, 0.0, 0.0, 0.0, 0.0, 0.0, 0.0, 0.0, 0.0, 0.0, 461.0, 498.0, 407.0, 0.0, 0.0, 0.0, 0.0, 0.0, 0.0, 0.0, 0.0, 0.0, 0.0, 0.0, 0.0, 0.0, 0.0, 0.0, 0.0, 0.0, 0.0, 0.0, 0.0, 0.0, 0.0, 0.0, 0.0, 0.0, 0.0, 0.0, 0.0, 0.0, 383.0, 382.0, 379.0, 381.0, 384.0, 384.0, 389.0, 396.0, 400.0, 407.0, 414.0, 421.0, 433.0, 440.0, 451.0, 457.0, 473.0, 492.0, 511.0, 538.0, 571.0, 605.0, 634.0, 687.0, 743.0, 793.0, 823.0, 832.0, 809.0, 766.0, 720.0, 687.0, 640.0, 600.0, 569.0, 532.0, 513.0, 490.0, 475.0, 465.0, 455.0, 439.0, 429.0, 421.0, 413.0, 407.0, 401.0, 396.0, 388.0, 386.0, 386.0, 382.0, 380.0, 380.0, 375.0, 0.0, 376.0, 0.0, 375.0, 0.0, 0.0, 0.0, 0.0, 0.0, 0.0, 0.0, 0.0, 0.0, 0.0, 0.0, 0.0, 0.0, 0.0, 0.0, 0.0, 0.0, 0.0, 0.0, 485.0, 458.0, 465.0, 0.0, 0.0, 489.0, 520.0, 485.0, 437.0, 0.0, 475.0, 441.0, 0.0, 372.0, 407.0, 505.0, 575.0, 580.0, 576.0, 575.0, 570.0, 571.0, 568.0, 565.0, 561.0, 563.0, 568.0, 588.0, 604.0, 610.0, 593.0, 576.0, 574.0, 570.0, 574.0, 574.0, 580.0, 577.0, 579.0, 581.0, 581.0, 583.0, 582.0, 592.0, 589.0, 583.0, 586.0, 587.0, 588.0, 589.0, 586.0, 588.0, 593.0, 589.0, 593.0, 591.0, 592.0, 676.0, 584.0, 477.0, 455.0, 514.0, 582.0, 592.0, 597.0, 594.0, 592.0, 590.0, 591.0, 604.0, 600.0, 586.0, 579.0, 505.0, 411.0, 413.0, 411.0, 410.0, 426.0, 435.0, 437.0, 424.0, 418.0, 430.0, 435.0, 432.0, 419.0, 432.0, 442.0, 460.0, 449.0, 446.0, 447.0, 448.0, 508.0, 501.0, 438.0, 0.0, 397.0, 432.0, 0.0, 386.0, 0.0, 0.0, 506.0, 560.0, 473.0, 455.0, 439.0, 437.0, 446.0, 448.0, 442.0, 434.0, 441.0, 388.0, 360.0, 0.0, 426.0, 447.0, 377.0, 0.0, 0.0, 0.0, 337.0, 308.0, 453.0, 559.0, 522.0, 378.0, 458.0, 473.0, 496.0, 488.0, 515.0, 492.0, 491.0, 492.0, 666.0, 522.0, 598.0, 727.0, 698.0, 711.0, 706.0, 751.0, 588.0, 553.0, 770.0, 723.0, 729.0, 730.0, 725.0, 787.0, 585.0, 569.0, 568.0, 570.0, 570.0, 541.0, 655.0, 1069.0, 729.0, 352.0, 0.0, 0.0, 436.0, 571.0, 571.0, 582.0, 590.0, 549.0, 436.0, 483.0, 498.0, 375.0, 541.0, 633.0, 627.0, 594.0, 539.0, 603.0, 574.0, 0.0, 457.0, 491.0, 488.0, 487.0, 483.0, 483.0, 477.0, 473.0, 471.0, 462.0, 512.0, 575.0, 634.0, 625.0, 619.0, 610.0, 581.0, 474.0, 563.0, 614.0, 607.0, 555.0, 383.0, 663.0, 547.0, 546.0, 402.0, 395.0, 396.0, 518.0, 446.0, 457.0, 427.0, 463.0, 323.0, 317.0]

this two same location just for making sure

header: 
  seq: 224736
  stamp: 
    secs: 1524005364
    nsecs: 472823138
  frame_id: front_laser
angle_min: -2.35619449615
angle_max: 2.35619449615
angle_increment: 0.00872664619237
time_increment: 2.77777780866e-05
scan_time: 0.019999999553
range_min: 0.00999999977648
range_max: 20.0
ranges: [2.174999952316284, 2.1579999923706055, 2.128000020980835, 2.1080000400543213, 2.0950000286102295, 2.063999891281128, 2.078000068664551, 2.0399999618530273, 1.6959999799728394, 1.4079999923706055, 1.3680000305175781, 1.375, 1.378999948501587, 1.3930000066757202, 1.3819999694824219, 1.3990000486373901, 1.4930000305175781, 1.8309999704360962, 1.8250000476837158, 1.7979999780654907, 1.7630000114440918, 1.8009999990463257, 1.8389999866485596, 1.8270000219345093, 1.8279999494552612, 1.8049999475479126, 1.7970000505447388, 1.7860000133514404, 1.7690000534057617, 1.7669999599456787, 1.7589999437332153, 1.746000051498413, 1.7480000257492065, 1.7359999418258667, 1.7280000448226929, 1.7269999980926514, 1.7280000448226929, 1.6979999542236328, 1.6920000314712524, 1.684999942779541, 1.7029999494552612, 1.6890000104904175, 1.6640000343322754, 1.6640000343322754, 1.6490000486373901, 1.652999997138977, 1.6390000581741333, 1.6510000228881836, 1.6369999647140503, 1.6260000467300415, 1.628999948501587, 1.6230000257492065, 1.6230000257492065, 1.6299999952316284, 1.6030000448226929, 1.4800000190734863, 1.4869999885559082, 1.4730000495910645, 1.4730000495910645, 1.5089999437332153, 1.531000018119812, 1.5149999856948853, 1.5479999780654907, 1.562000036239624, 1.5670000314712524, 1.5770000219345093, 1.5700000524520874, 1.5460000038146973, 1.5509999990463257, 1.5470000505447388, 1.5460000038146973, 1.5369999408721924, 1.5360000133514404, 1.5520000457763672, 1.5299999713897705, 1.5390000343322754, 1.5420000553131104, 1.5420000553131104, 1.531000018119812, 1.5290000438690186, 1.5269999504089355, 1.5329999923706055, 1.5299999713897705, 1.534000039100647, 1.531999945640564, 1.5149999856948853, 1.5210000276565552, 1.440000057220459, 1.3969999551773071, 1.4010000228881836, 1.4010000228881836, 1.5160000324249268, 1.5329999923706055, 1.5219999551773071, 1.5240000486373901, 1.5230000019073486, 1.5570000410079956, 1.5399999618530273, 1.5520000457763672, 1.5709999799728394, 1.5670000314712524, 1.5640000104904175, 1.5529999732971191, 1.5700000524520874, 1.5700000524520874, 1.5700000524520874, 1.5789999961853027, 1.562999963760376, 1.5750000476837158, 1.5679999589920044, 1.5839999914169312, 1.5950000286102295, 1.600000023841858, 1.6039999723434448, 1.6059999465942383, 1.6130000352859497, 1.6180000305175781, 1.6200000047683716, 1.6069999933242798, 1.6059999465942383, 1.6150000095367432, 1.628000020980835, 1.63100004196167, 1.6449999809265137, 1.6360000371932983, 1.652999997138977, 1.6440000534057617, 1.6679999828338623, 1.6699999570846558, 1.6729999780654907, 1.6710000038146973, 1.6820000410079956, 1.6759999990463257, 1.6990000009536743, 1.7109999656677246, 1.7309999465942383, 1.7200000286102295, 1.7259999513626099, 1.7549999952316284, 1.753999948501587, 1.7369999885559082, 1.6929999589920044, 1.6679999828338623, 1.6260000467300415, 1.6319999694824219, 1.5859999656677246, 1.565000057220459, 0.003000000026077032, 1.5750000476837158, 1.590000033378601, 1.6009999513626099, 0.003000000026077032, 1.61899995803833, 1.6059999465942383, 1.5920000076293945, 1.6100000143051147, 0.003000000026077032, 0.003000000026077032, 0.003000000026077032, 0.003000000026077032, 0.003000000026077032, 0.003000000026077032, 0.003000000026077032, 0.003000000026077032, 0.003000000026077032, 0.003000000026077032, 0.003000000026077032, 0.003000000026077032, 0.003000000026077032, 0.003000000026077032, 0.003000000026077032, 0.003000000026077032, 0.003000000026077032, 0.003000000026077032, 0.003000000026077032, 0.003000000026077032, 0.003000000026077032, 0.003000000026077032, 0.003000000026077032, 0.003000000026077032, 0.003000000026077032, 0.003000000026077032, 0.003000000026077032, 0.003000000026077032, 0.003000000026077032, 0.003000000026077032, 0.003000000026077032, 0.003000000026077032, 0.003000000026077032, 0.003000000026077032, 0.003000000026077032, 0.003000000026077032, 0.003000000026077032, 0.003000000026077032, 0.003000000026077032, 0.003000000026077032, 0.003000000026077032, 0.003000000026077032, 0.003000000026077032, 0.003000000026077032, 0.003000000026077032, 0.003000000026077032, 0.003000000026077032, 0.003000000026077032, 0.003000000026077032, 0.003000000026077032, 0.003000000026077032, 0.003000000026077032, 0.003000000026077032, 0.003000000026077032, 0.003000000026077032, 0.9539999961853027, 0.9580000042915344, 0.968999981880188, 0.003000000026077032, 0.003000000026077032, 0.003000000026077032, 0.003000000026077032, 0.003000000026077032, 0.003000000026077032, 0.003000000026077032, 0.003000000026077032, 0.003000000026077032, 0.003000000026077032, 0.003000000026077032, 0.003000000026077032, 0.003000000026077032, 0.003000000026077032, 0.003000000026077032, 0.003000000026077032, 0.003000000026077032, 0.003000000026077032, 0.003000000026077032, 0.003000000026077032, 0.003000000026077032, 0.003000000026077032, 0.003000000026077032, 0.003000000026077032, 0.003000000026077032, 0.003000000026077032, 0.003000000026077032, 0.003000000026077032, 0.8709999918937683, 0.8740000128746033, 0.8730000257492065, 0.8629999756813049, 0.8579999804496765, 0.8610000014305115, 0.8650000095367432, 0.8489999771118164, 0.8569999933242798, 0.8579999804496765, 0.8539999723434448, 0.8479999899864197, 0.8529999852180481, 0.8510000109672546, 0.843999981880188, 0.8460000157356262, 0.8360000252723694, 0.8379999995231628, 0.8460000157356262, 0.8320000171661377, 0.8370000123977661, 0.8259999752044678, 0.8399999737739563, 0.8320000171661377, 0.8240000009536743, 0.8360000252723694, 0.824999988079071, 0.8379999995231628, 0.8379999995231628, 0.8339999914169312, 0.8259999752044678, 0.8140000104904175, 0.8289999961853027, 0.828000009059906, 0.8309999704360962, 0.8399999737739563, 0.8339999914169312, 0.8270000219345093, 0.843999981880188, 0.8389999866485596, 0.8510000109672546, 0.8379999995231628, 0.8399999737739563, 0.8479999899864197, 0.847000002861023, 0.843999981880188, 0.8489999771118164, 0.8519999980926514, 0.8600000143051147, 0.859000027179718, 0.8629999756813049, 0.8569999933242798, 0.8659999966621399, 0.8650000095367432, 0.871999979019165, 0.003000000026077032, 0.003000000026077032, 0.003000000026077032, 0.003000000026077032, 0.003000000026077032, 0.003000000026077032, 0.003000000026077032, 0.003000000026077032, 0.003000000026077032, 0.003000000026077032, 0.003000000026077032, 0.003000000026077032, 0.003000000026077032, 0.003000000026077032, 0.003000000026077032, 0.003000000026077032, 0.003000000026077032, 0.003000000026077032, 0.003000000026077032, 0.003000000026077032, 0.003000000026077032, 0.003000000026077032, 0.003000000026077032, 0.003000000026077032, 0.9300000071525574, 0.9369999766349792, 0.9279999732971191, 0.003000000026077032, 0.003000000026077032, 0.859000027179718, 0.8619999885559082, 0.8690000176429749, 0.8669999837875366, 0.003000000026077032, 0.8339999914169312, 0.8460000157356262, 0.003000000026077032, 0.8550000190734863, 0.8510000109672546, 0.8519999980926514, 0.8460000157356262, 0.8190000057220459, 0.8230000138282776, 0.7960000038146973, 0.7950000166893005, 0.7900000214576721, 0.7879999876022339, 0.7749999761581421, 0.7630000114440918, 0.7540000081062317, 0.7360000014305115, 0.746999979019165, 0.7390000224113464, 0.734000027179718, 0.734000027179718, 0.7450000047683716, 0.7419999837875366, 0.75, 0.7620000243186951, 0.7720000147819519, 0.7770000100135803, 0.7820000052452087, 0.7950000166893005, 0.8050000071525574, 0.796999990940094, 0.8100000023841858, 0.8199999928474426, 0.8320000171661377, 0.8389999866485596, 0.8550000190734863, 0.8539999723434448, 0.8740000128746033, 0.878000020980835, 0.8830000162124634, 0.8930000066757202, 0.906000018119812, 0.9039999842643738, 0.9279999732971191, 0.9359999895095825, 0.9589999914169312, 0.972000002861023, 0.9660000205039978, 0.9729999899864197, 0.9900000095367432, 1.0080000162124634, 1.024999976158142, 1.0290000438690186, 1.059000015258789, 1.0750000476837158, 1.100000023841858, 1.1130000352859497, 1.1260000467300415, 1.1390000581741333, 1.1759999990463257, 1.1859999895095825, 1.2089999914169312, 1.2300000190734863, 1.1920000314712524, 1.0260000228881836, 1.0290000438690186, 1.0240000486373901, 1.00600004196167, 1.0130000114440918, 0.9990000128746033, 1.003999948501587, 1.0, 0.9879999756813049, 0.9769999980926514, 0.9829999804496765, 0.9769999980926514, 0.9739999771118164, 0.9810000061988831, 0.9700000286102295, 0.9580000042915344, 0.9589999914169312, 0.953000009059906, 0.9610000252723694, 0.9570000171661377, 0.9580000042915344, 0.9649999737739563, 0.9589999914169312, 0.003000000026077032, 0.9660000205039978, 0.9599999785423279, 0.003000000026077032, 0.003000000026077032, 0.003000000026077032, 0.003000000026077032, 1.1139999628067017, 1.1150000095367432, 1.1619999408721924, 1.2610000371932983, 1.3580000400543213, 1.4639999866485596, 1.5920000076293945, 1.690999984741211, 1.819000005722046, 1.9550000429153442, 2.0789999961853027, 2.1760001182556152, 2.490999937057495, 0.003000000026077032, 2.4159998893737793, 2.4649999141693115, 2.6489999294281006, 0.003000000026077032, 0.003000000026077032, 0.003000000026077032, 3.4730000495910645, 3.9749999046325684, 3.9570000171661377, 3.928999900817871, 3.940000057220459, 3.9660000801086426, 3.8350000381469727, 3.8259999752044678, 3.9119999408721924, 4.072000026702881, 4.014999866485596, 4.186999797821045, 4.197000026702881, 4.193999767303467, 3.1600000858306885, 2.9539999961853027, 2.944999933242798, 1.9880000352859497, 1.8760000467300415, 1.878999948501587, 1.8680000305175781, 1.9509999752044678, 2.9670000076293945, 2.98799991607666, 1.3109999895095825, 1.24399995803833, 1.2269999980926514, 1.2400000095367432, 1.2419999837875366, 1.2949999570846558, 2.934999942779541, 3.0309998989105225, 3.0199999809265137, 3.0339999198913574, 3.0169999599456787, 3.0309998989105225, 2.2339999675750732, 2.2290000915527344, 2.309000015258789, 3.4769999980926514, 0.003000000026077032, 0.0, 3.750999927520752, 3.75, 3.749000072479248, 3.7660000324249268, 3.7799999713897705, 3.7899999618530273, 4.163000106811523, 4.119999885559082, 4.13700008392334, 2.1440000534057617, 2.0829999446868896, 2.055999994277954, 2.069000005722046, 2.0820000171661377, 2.1589999198913574, 2.1589999198913574, 2.177000045776367, 0.003000000026077032, 4.218999862670898, 4.3470001220703125, 4.349999904632568, 4.370999813079834, 4.39300012588501, 4.406000137329102, 4.445000171661377, 4.466000080108643, 4.479000091552734, 4.51200008392334, 1.5360000133514404, 1.5110000371932983, 1.5119999647140503, 1.5080000162124634, 1.5180000066757202, 1.5410000085830688, 1.6729999780654907, 1.597000002861023, 1.5720000267028809, 1.593000054359436, 1.590000033378601, 1.5950000286102295, 4.165999889373779, 2.6459999084472656, 2.5399999618530273, 2.565999984741211, 4.197000026702881, 4.265999794006348, 4.2870001792907715, 4.498000144958496, 5.123000144958496, 5.061999797821045, 4.9029998779296875, 4.828000068664551, 4.315999984741211, 4.298999786376953]
intensities: [601.0, 604.0, 608.0, 611.0, 615.0, 615.0, 614.0, 620.0, 672.0, 621.0, 615.0, 646.0, 657.0, 647.0, 629.0, 587.0, 604.0, 613.0, 633.0, 608.0, 582.0, 611.0, 655.0, 659.0, 656.0, 659.0, 658.0, 662.0, 660.0, 665.0, 659.0, 661.0, 660.0, 663.0, 662.0, 665.0, 666.0, 664.0, 658.0, 665.0, 661.0, 663.0, 664.0, 666.0, 668.0, 667.0, 665.0, 666.0, 666.0, 667.0, 666.0, 668.0, 667.0, 643.0, 595.0, 545.0, 529.0, 498.0, 474.0, 527.0, 559.0, 587.0, 602.0, 627.0, 664.0, 680.0, 680.0, 682.0, 685.0, 684.0, 684.0, 685.0, 687.0, 690.0, 689.0, 689.0, 691.0, 689.0, 687.0, 683.0, 699.0, 721.0, 725.0, 721.0, 755.0, 757.0, 762.0, 758.0, 725.0, 678.0, 592.0, 622.0, 671.0, 611.0, 584.0, 561.0, 546.0, 552.0, 558.0, 556.0, 582.0, 582.0, 586.0, 584.0, 581.0, 579.0, 579.0, 579.0, 577.0, 576.0, 571.0, 566.0, 564.0, 561.0, 560.0, 559.0, 558.0, 548.0, 497.0, 487.0, 486.0, 520.0, 537.0, 531.0, 532.0, 523.0, 523.0, 517.0, 511.0, 506.0, 501.0, 505.0, 509.0, 515.0, 544.0, 587.0, 604.0, 604.0, 603.0, 607.0, 583.0, 563.0, 569.0, 564.0, 470.0, 436.0, 427.0, 0.0, 485.0, 514.0, 380.0, 0.0, 373.0, 540.0, 544.0, 415.0, 0.0, 0.0, 0.0, 0.0, 0.0, 0.0, 0.0, 0.0, 0.0, 0.0, 0.0, 0.0, 0.0, 0.0, 0.0, 0.0, 0.0, 0.0, 0.0, 0.0, 0.0, 0.0, 0.0, 0.0, 0.0, 0.0, 0.0, 0.0, 0.0, 0.0, 0.0, 0.0, 0.0, 0.0, 0.0, 0.0, 0.0, 0.0, 0.0, 0.0, 0.0, 0.0, 0.0, 0.0, 0.0, 0.0, 0.0, 0.0, 0.0, 0.0, 0.0, 0.0, 0.0, 0.0, 0.0, 462.0, 499.0, 405.0, 0.0, 0.0, 0.0, 0.0, 0.0, 0.0, 0.0, 0.0, 0.0, 0.0, 0.0, 0.0, 0.0, 0.0, 0.0, 0.0, 0.0, 0.0, 0.0, 0.0, 0.0, 0.0, 0.0, 0.0, 0.0, 0.0, 0.0, 0.0, 372.0, 381.0, 380.0, 379.0, 379.0, 380.0, 383.0, 390.0, 396.0, 397.0, 404.0, 413.0, 419.0, 430.0, 437.0, 450.0, 460.0, 473.0, 495.0, 512.0, 537.0, 571.0, 606.0, 635.0, 686.0, 742.0, 791.0, 822.0, 833.0, 809.0, 765.0, 722.0, 686.0, 640.0, 600.0, 567.0, 531.0, 514.0, 492.0, 474.0, 461.0, 454.0, 438.0, 427.0, 421.0, 410.0, 406.0, 400.0, 396.0, 388.0, 385.0, 384.0, 381.0, 378.0, 378.0, 0.0, 0.0, 0.0, 0.0, 0.0, 0.0, 0.0, 0.0, 0.0, 0.0, 0.0, 0.0, 0.0, 0.0, 0.0, 0.0, 0.0, 0.0, 0.0, 0.0, 0.0, 0.0, 0.0, 0.0, 484.0, 458.0, 463.0, 0.0, 0.0, 486.0, 517.0, 483.0, 438.0, 0.0, 474.0, 439.0, 0.0, 372.0, 404.0, 502.0, 575.0, 579.0, 574.0, 572.0, 571.0, 571.0, 567.0, 563.0, 560.0, 560.0, 568.0, 582.0, 600.0, 610.0, 595.0, 577.0, 575.0, 573.0, 573.0, 573.0, 578.0, 579.0, 578.0, 580.0, 581.0, 583.0, 580.0, 590.0, 587.0, 582.0, 583.0, 585.0, 586.0, 585.0, 587.0, 586.0, 591.0, 590.0, 590.0, 588.0, 592.0, 673.0, 586.0, 477.0, 449.0, 512.0, 582.0, 592.0, 598.0, 591.0, 592.0, 591.0, 589.0, 602.0, 600.0, 586.0, 577.0, 502.0, 412.0, 414.0, 412.0, 410.0, 425.0, 435.0, 435.0, 425.0, 419.0, 432.0, 433.0, 433.0, 419.0, 433.0, 439.0, 459.0, 448.0, 446.0, 445.0, 445.0, 511.0, 502.0, 440.0, 0.0, 397.0, 431.0, 0.0, 0.0, 0.0, 0.0, 507.0, 559.0, 475.0, 453.0, 440.0, 435.0, 442.0, 446.0, 438.0, 433.0, 438.0, 390.0, 359.0, 0.0, 426.0, 444.0, 377.0, 0.0, 0.0, 0.0, 335.0, 309.0, 449.0, 557.0, 524.0, 379.0, 456.0, 471.0, 494.0, 486.0, 518.0, 492.0, 490.0, 493.0, 664.0, 522.0, 598.0, 730.0, 695.0, 711.0, 702.0, 750.0, 586.0, 554.0, 777.0, 721.0, 727.0, 727.0, 725.0, 784.0, 583.0, 569.0, 569.0, 571.0, 568.0, 540.0, 648.0, 1070.0, 732.0, 351.0, 0.0, 0.0, 436.0, 569.0, 571.0, 581.0, 589.0, 549.0, 436.0, 487.0, 499.0, 374.0, 540.0, 634.0, 627.0, 592.0, 539.0, 604.0, 572.0, 0.0, 457.0, 492.0, 491.0, 488.0, 482.0, 479.0, 478.0, 473.0, 473.0, 461.0, 512.0, 576.0, 632.0, 626.0, 621.0, 612.0, 580.0, 475.0, 563.0, 616.0, 607.0, 551.0, 383.0, 661.0, 546.0, 541.0, 400.0, 396.0, 394.0, 515.0, 446.0, 454.0, 426.0, 464.0, 320.0, 313.0]


second
header: 
  seq: 279747
  stamp: 
    secs: 1524006467
    nsecs: 456365164
  frame_id: front_laser
angle_min: -2.35619449615
angle_max: 2.35619449615
angle_increment: 0.00872664619237
time_increment: 2.77777780866e-05
scan_time: 0.019999999553
range_min: 0.00999999977648
range_max: 20.0
ranges: [2.197999954223633, 2.178999900817871, 2.0980000495910645, 2.0369999408721924, 2.0339999198913574, 2.009999990463257, 1.975000023841858, 2.0169999599456787, 2.052999973297119, 2.0290000438690186, 2.0299999713897705, 1.9919999837875366, 1.9780000448226929, 1.965000033378601, 1.9390000104904175, 1.9509999752044678, 1.9279999732971191, 1.909000039100647, 1.8899999856948853, 1.8919999599456787, 1.8660000562667847, 1.8519999980926514, 1.843999981880188, 1.8320000171661377, 1.8209999799728394, 1.8250000476837158, 1.819000005722046, 1.7920000553131104, 1.7979999780654907, 1.7790000438690186, 1.7630000114440918, 1.7680000066757202, 1.7489999532699585, 1.7350000143051147, 1.6150000095367432, 1.593999981880188, 1.5700000524520874, 1.6230000257492065, 1.6619999408721924, 1.6369999647140503, 1.6360000371932983, 1.6239999532699585, 1.621999979019165, 1.6430000066757202, 1.6740000247955322, 1.656999945640564, 1.6440000534057617, 1.6399999856948853, 1.6349999904632568, 1.6440000534057617, 1.63100004196167, 1.6299999952316284, 1.6109999418258667, 1.600000023841858, 1.6169999837875366, 1.61899995803833, 1.6109999418258667, 1.590000033378601, 1.5880000591278076, 1.5820000171661377, 1.590000033378601, 1.5679999589920044, 1.5770000219345093, 1.4539999961853027, 1.4639999866485596, 1.4889999628067017, 1.4220000505447388, 1.5759999752044678, 1.5579999685287476, 1.565999984741211, 1.569000005722046, 1.562999963760376, 1.5609999895095825, 1.559000015258789, 1.5750000476837158, 1.565999984741211, 1.562000036239624, 1.5479999780654907, 1.5640000104904175, 1.555999994277954, 1.5640000104904175, 1.5779999494552612, 1.5640000104904175, 1.559000015258789, 1.5640000104904175, 1.559000015258789, 1.5640000104904175, 1.5509999990463257, 1.534000039100647, 1.5570000410079956, 1.5499999523162842, 1.5520000457763672, 1.5369999408721924, 1.5460000038146973, 1.5479999780654907, 1.555999994277954, 1.562000036239624, 1.5670000314712524, 1.5579999685287476, 1.5609999895095825, 1.5720000267028809, 1.5640000104904175, 1.5499999523162842, 1.5670000314712524, 1.5670000314712524, 1.5720000267028809, 1.5709999799728394, 1.5729999542236328, 1.5740000009536743, 1.5789999961853027, 1.5800000429153442, 1.5570000410079956, 1.5670000314712524, 1.5800000429153442, 1.5889999866485596, 1.6050000190734863, 1.6319999694824219, 1.6239999532699585, 1.6200000047683716, 1.628000020980835, 1.656000018119812, 1.6100000143051147, 1.5870000123977661, 1.559999942779541, 1.4730000495910645, 1.4550000429153442, 1.4630000591278076, 1.4600000381469727, 1.4509999752044678, 1.437999963760376, 1.468999981880188, 1.4620000123977661, 1.465000033378601, 1.465000033378601, 1.465000033378601, 1.4529999494552612, 0.003000000026077032, 0.003000000026077032, 0.003000000026077032, 0.003000000026077032, 0.003000000026077032, 0.003000000026077032, 0.003000000026077032, 0.003000000026077032, 0.003000000026077032, 0.003000000026077032, 0.003000000026077032, 0.003000000026077032, 0.003000000026077032, 0.003000000026077032, 0.003000000026077032, 0.003000000026077032, 0.003000000026077032, 0.003000000026077032, 0.003000000026077032, 0.003000000026077032, 0.003000000026077032, 0.003000000026077032, 0.003000000026077032, 0.003000000026077032, 0.003000000026077032, 0.003000000026077032, 0.003000000026077032, 0.003000000026077032, 0.003000000026077032, 0.003000000026077032, 0.003000000026077032, 0.003000000026077032, 0.003000000026077032, 0.003000000026077032, 0.003000000026077032, 0.003000000026077032, 0.003000000026077032, 0.003000000026077032, 0.003000000026077032, 0.003000000026077032, 0.003000000026077032, 0.003000000026077032, 0.003000000026077032, 0.003000000026077032, 0.003000000026077032, 0.003000000026077032, 0.003000000026077032, 0.003000000026077032, 0.003000000026077032, 0.003000000026077032, 0.003000000026077032, 0.003000000026077032, 0.6980000138282776, 0.6890000104904175, 0.6980000138282776, 0.003000000026077032, 0.003000000026077032, 0.0, 0.0, 0.0, 0.0, 0.0, 0.0, 0.0, 0.0, 0.0, 0.0, 0.0, 0.0, 0.0, 0.0, 0.0, 0.0, 0.0, 0.0, 0.0, 0.0, 0.0, 0.0, 0.0, 0.0, 0.0, 0.0, 0.0, 0.0, 0.0, 0.0, 0.0, 0.0, 0.0, 0.0, 0.0, 0.0, 0.0, 0.0, 0.0, 0.0, 0.0, 0.0, 0.0, 0.0, 0.0, 0.0, 0.0, 0.0, 0.0, 0.0, 0.0, 0.0, 0.0, 0.0, 0.0, 0.0, 0.0, 0.0, 0.0, 0.0, 0.0, 0.0, 0.5270000100135803, 0.5249999761581421, 0.5350000262260437, 0.5450000166893005, 0.5260000228881836, 0.5260000228881836, 0.5260000228881836, 0.5249999761581421, 0.5199999809265137, 0.515999972820282, 0.5109999775886536, 0.5009999871253967, 0.5090000033378601, 0.5070000290870667, 0.4970000088214874, 0.5009999871253967, 0.49799999594688416, 0.5109999775886536, 0.5070000290870667, 0.5070000290870667, 0.5040000081062317, 0.5139999985694885, 0.5130000114440918, 0.5239999890327454, 0.5199999809265137, 0.5299999713897705, 0.5239999890327454, 0.5299999713897705, 0.5339999794960022, 0.527999997138977, 0.5329999923706055, 0.003000000026077032, 0.0, 0.0, 0.0, 0.0, 0.0, 0.0, 0.0, 0.0, 0.0, 0.0, 0.0, 0.0, 0.0, 0.0, 0.0, 0.0, 0.0, 0.0, 0.0, 0.0, 0.0, 0.0, 0.0, 0.0, 0.0, 0.0, 0.0, 0.0, 0.0, 0.0, 0.0, 0.0, 0.0, 0.0, 0.0, 0.0, 0.0, 0.0, 0.0, 0.0, 0.0, 0.0, 0.0, 0.0, 0.0, 0.0, 0.0, 0.0, 0.0, 0.0, 0.0, 0.0, 0.0, 0.0, 0.0, 0.0, 0.0, 0.6700000166893005, 0.6710000038146973, 0.6629999876022339, 0.6690000295639038, 0.0, 0.0, 0.0, 0.0, 0.0, 0.6420000195503235, 0.6069999933242798, 0.6079999804496765, 0.6169999837875366, 0.6110000014305115, 0.0, 0.0, 0.0, 0.0, 0.5989999771118164, 0.003000000026077032, 0.0, 0.0, 0.003000000026077032, 0.6150000095367432, 0.6069999933242798, 0.593999981880188, 0.5899999737739563, 0.5889999866485596, 0.5950000286102295, 0.5789999961853027, 0.574999988079071, 0.5830000042915344, 0.5759999752044678, 0.5709999799728394, 0.5690000057220459, 0.5619999766349792, 0.5559999942779541, 0.5540000200271606, 0.5460000038146973, 0.546999990940094, 0.5370000004768372, 0.5490000247955322, 0.550000011920929, 0.5429999828338623, 0.5270000100135803, 0.5270000100135803, 0.5360000133514404, 0.531000018119812, 0.5289999842643738, 0.5490000247955322, 0.5590000152587891, 0.5690000057220459, 0.5860000252723694, 0.5849999785423279, 0.593999981880188, 0.6000000238418579, 0.6259999871253967, 0.6299999952316284, 0.640999972820282, 0.6629999876022339, 0.6679999828338623, 0.675000011920929, 0.6919999718666077, 0.7039999961853027, 0.7310000061988831, 0.7490000128746033, 0.7670000195503235, 0.7820000052452087, 0.8169999718666077, 0.8259999752044678, 0.8420000076293945, 0.871999979019165, 0.9169999957084656, 0.9490000009536743, 0.9729999899864197, 1.0010000467300415, 1.0490000247955322, 1.0829999446868896, 1.1109999418258667, 1.1670000553131104, 1.218000054359436, 1.2829999923706055, 1.3289999961853027, 1.4079999923706055, 1.2039999961853027, 0.9290000200271606, 0.925000011920929, 0.9229999780654907, 0.9210000038146973, 0.9229999780654907, 0.9160000085830688, 0.9169999957084656, 0.9179999828338623, 0.9129999876022339, 0.9110000133514404, 0.9110000133514404, 0.902999997138977, 0.8889999985694885, 0.8920000195503235, 0.8939999938011169, 0.9020000100135803, 0.8939999938011169, 0.8939999938011169, 0.8970000147819519, 0.9359999895095825, 0.8939999938011169, 0.902999997138977, 0.8830000162124634, 0.8859999775886536, 0.9089999794960022, 0.9129999876022339, 0.8880000114440918, 0.9089999794960022, 0.9240000247955322, 1.027999997138977, 1.0820000171661377, 4.002999782562256, 3.8580000400543213, 3.8410000801086426, 3.9539999961853027, 4.072999954223633, 4.110000133514404, 4.224999904632568, 4.241000175476074, 4.232999801635742, 4.248000144958496, 4.257999897003174, 4.267000198364258, 3.2300000190734863, 3.0, 2.996999979019165, 2.9839999675750732, 2.993000030517578, 3.006999969482422, 3.0239999294281006, 3.0290000438690186, 2.880000114440918, 2.0199999809265137, 1.9539999961853027, 1.9429999589920044, 1.9579999446868896, 2.0980000495910645, 3.069000005722046, 3.0859999656677246, 3.1029999256134033, 3.109999895095825, 3.125, 3.134999990463257, 3.1480000019073486, 3.628000020980835, 3.8340001106262207, 1.3869999647140503, 1.3489999771118164, 1.3389999866485596, 1.3450000286102295, 1.3550000190734863, 1.371000051498413, 1.4040000438690186, 4.179999828338623, 4.239999771118164, 4.267000198364258, 4.302000045776367, 4.316999912261963, 4.3379998207092285, 4.336999893188477, 0.003000000026077032, 0.003000000026077032, 0.003000000026077032, 2.242000102996826, 2.2019999027252197, 2.2019999027252197, 2.2219998836517334, 2.2990000247955322, 2.306999921798706, 2.3480000495910645, 4.629000186920166, 4.6570000648498535, 4.684999942779541, 4.708000183105469, 4.73799991607666, 4.7729997634887695, 4.797999858856201, 4.824999809265137, 4.76200008392334, 4.710999965667725, 4.663000106811523, 0.0, 0.0, 2.7929999828338623, 1.7209999561309814, 1.7089999914169312, 1.684999942779541, 1.6779999732971191, 1.7089999914169312, 1.7450000047683716, 1.812000036239624, 1.7990000247955322]
intensities: [580.0, 584.0, 591.0, 579.0, 606.0, 586.0, 573.0, 591.0, 614.0, 621.0, 620.0, 624.0, 629.0, 631.0, 634.0, 635.0, 639.0, 642.0, 644.0, 647.0, 649.0, 646.0, 648.0, 650.0, 652.0, 657.0, 658.0, 659.0, 660.0, 659.0, 661.0, 661.0, 662.0, 627.0, 538.0, 537.0, 472.0, 436.0, 535.0, 572.0, 554.0, 531.0, 549.0, 598.0, 639.0, 664.0, 663.0, 666.0, 665.0, 664.0, 667.0, 666.0, 665.0, 669.0, 668.0, 667.0, 668.0, 659.0, 656.0, 672.0, 673.0, 672.0, 671.0, 624.0, 546.0, 548.0, 524.0, 508.0, 550.0, 551.0, 556.0, 570.0, 583.0, 622.0, 600.0, 593.0, 620.0, 597.0, 597.0, 593.0, 591.0, 586.0, 591.0, 596.0, 600.0, 600.0, 600.0, 608.0, 617.0, 638.0, 691.0, 717.0, 712.0, 680.0, 648.0, 635.0, 590.0, 521.0, 533.0, 520.0, 565.0, 585.0, 582.0, 577.0, 578.0, 577.0, 573.0, 567.0, 567.0, 560.0, 559.0, 563.0, 562.0, 564.0, 565.0, 578.0, 612.0, 619.0, 619.0, 619.0, 619.0, 593.0, 551.0, 518.0, 446.0, 442.0, 384.0, 412.0, 511.0, 479.0, 384.0, 388.0, 393.0, 531.0, 535.0, 529.0, 0.0, 0.0, 0.0, 0.0, 0.0, 0.0, 0.0, 0.0, 0.0, 0.0, 0.0, 0.0, 0.0, 0.0, 0.0, 0.0, 0.0, 0.0, 0.0, 0.0, 0.0, 0.0, 0.0, 0.0, 0.0, 0.0, 0.0, 0.0, 0.0, 0.0, 0.0, 0.0, 0.0, 0.0, 0.0, 0.0, 0.0, 0.0, 0.0, 0.0, 0.0, 0.0, 0.0, 0.0, 0.0, 0.0, 0.0, 0.0, 0.0, 0.0, 0.0, 0.0, 405.0, 458.0, 415.0, 0.0, 0.0, 0.0, 0.0, 0.0, 0.0, 0.0, 0.0, 0.0, 0.0, 0.0, 0.0, 0.0, 0.0, 0.0, 0.0, 0.0, 0.0, 0.0, 0.0, 0.0, 0.0, 0.0, 0.0, 0.0, 0.0, 0.0, 0.0, 0.0, 0.0, 0.0, 0.0, 0.0, 0.0, 0.0, 0.0, 0.0, 0.0, 0.0, 0.0, 0.0, 0.0, 0.0, 0.0, 0.0, 0.0, 0.0, 0.0, 0.0, 0.0, 0.0, 0.0, 0.0, 0.0, 0.0, 0.0, 0.0, 0.0, 0.0, 0.0, 0.0, 0.0, 0.0, 0.0, 253.0, 281.0, 305.0, 330.0, 343.0, 369.0, 402.0, 416.0, 441.0, 460.0, 488.0, 514.0, 546.0, 576.0, 610.0, 640.0, 622.0, 593.0, 567.0, 525.0, 497.0, 477.0, 456.0, 434.0, 416.0, 392.0, 366.0, 342.0, 311.0, 284.0, 275.0, 0.0, 0.0, 0.0, 0.0, 0.0, 0.0, 0.0, 0.0, 0.0, 0.0, 0.0, 0.0, 0.0, 0.0, 0.0, 0.0, 0.0, 0.0, 0.0, 0.0, 0.0, 0.0, 0.0, 0.0, 0.0, 0.0, 0.0, 0.0, 0.0, 0.0, 0.0, 0.0, 0.0, 0.0, 0.0, 0.0, 0.0, 0.0, 0.0, 0.0, 0.0, 0.0, 0.0, 0.0, 0.0, 0.0, 0.0, 0.0, 0.0, 0.0, 0.0, 0.0, 0.0, 0.0, 0.0, 0.0, 0.0, 0.0, 387.0, 388.0, 405.0, 405.0, 0.0, 0.0, 0.0, 0.0, 0.0, 307.0, 404.0, 454.0, 401.0, 448.0, 0.0, 0.0, 0.0, 0.0, 390.0, 0.0, 0.0, 0.0, 0.0, 438.0, 481.0, 542.0, 506.0, 500.0, 501.0, 502.0, 500.0, 495.0, 491.0, 492.0, 491.0, 485.0, 487.0, 490.0, 480.0, 480.0, 482.0, 483.0, 480.0, 483.0, 491.0, 495.0, 502.0, 494.0, 480.0, 471.0, 459.0, 456.0, 458.0, 465.0, 472.0, 475.0, 477.0, 485.0, 485.0, 496.0, 497.0, 497.0, 502.0, 503.0, 505.0, 515.0, 522.0, 531.0, 540.0, 556.0, 476.0, 448.0, 504.0, 542.0, 541.0, 541.0, 554.0, 543.0, 531.0, 527.0, 517.0, 519.0, 507.0, 509.0, 536.0, 444.0, 450.0, 471.0, 465.0, 459.0, 469.0, 478.0, 498.0, 513.0, 548.0, 586.0, 627.0, 723.0, 755.0, 881.0, 947.0, 1000.0, 1028.0, 997.0, 949.0, 858.0, 815.0, 734.0, 704.0, 587.0, 542.0, 581.0, 543.0, 398.0, 490.0, 404.0, 355.0, 433.0, 475.0, 476.0, 504.0, 501.0, 488.0, 488.0, 497.0, 491.0, 486.0, 475.0, 565.0, 538.0, 570.0, 572.0, 569.0, 566.0, 565.0, 568.0, 590.0, 649.0, 649.0, 653.0, 651.0, 729.0, 559.0, 557.0, 557.0, 552.0, 553.0, 550.0, 495.0, 554.0, 461.0, 519.0, 642.0, 681.0, 670.0, 664.0, 627.0, 406.0, 465.0, 481.0, 480.0, 475.0, 476.0, 470.0, 413.0, 0.0, 0.0, 0.0, 496.0, 587.0, 599.0, 584.0, 564.0, 576.0, 448.0, 460.0, 462.0, 461.0, 460.0, 459.0, 456.0, 458.0, 408.0, 357.0, 354.0, 345.0, 0.0, 0.0, 359.0, 548.0, 604.0, 631.0, 615.0, 607.0, 532.0, 581.0, 594.0]
90 dgree

header: 
  seq: 289104
  stamp: 
    secs: 1524006654
    nsecs: 985849738
  frame_id: front_laser
angle_min: -2.35619449615
angle_max: 2.35619449615
angle_increment: 0.00872664619237
time_increment: 2.77777780866e-05
scan_time: 0.019999999553
range_min: 0.00999999977648
range_max: 20.0
ranges: [0.003000000026077032, 0.0, 3.1029999256134033, 0.0, 0.0, 4.546999931335449, 2.0299999713897705, 2.010999917984009, 1.996999979019165, 2.0299999713897705, 2.052999973297119, 2.0969998836517334, 2.0859999656677246, 2.1080000400543213, 2.1449999809265137, 6.791999816894531, 6.860000133514404, 6.9029998779296875, 5.6579999923706055, 5.447999954223633, 6.828000068664551, 6.739999771118164, 5.8429999351501465, 5.8480000495910645, 6.690999984741211, 6.6519999504089355, 3.937999963760376, 3.9210000038146973, 3.936000108718872, 5.034999847412109, 2.6670000553131104, 2.6419999599456787, 2.6700000762939453, 4.585000038146973, 5.040999889373779, 2.867000102996826, 2.811000108718872, 2.7790000438690186, 2.7639999389648438, 2.760999917984009, 2.757999897003174, 2.742000102996826, 2.75, 2.752000093460083, 2.757999897003174, 2.7690000534057617, 2.7669999599456787, 2.7890000343322754, 2.799999952316284, 2.821000099182129, 2.8589999675750732, 2.9019999504089355, 2.822999954223633, 2.799999952316284, 2.806999921798706, 2.621999979019165, 2.4149999618530273, 4.448999881744385, 4.681000232696533, 5.954999923706055, 6.105999946594238, 6.081999778747559, 4.660999774932861, 4.505000114440918, 4.504000186920166, 4.4770002365112305, 4.455999851226807, 4.439000129699707, 4.4670000076293945, 6.866000175476074, 6.8480000495910645, 6.827000141143799, 6.822000026702881, 6.818999767303467, 6.796000003814697, 6.776000022888184, 6.76800012588501, 5.730999946594238, 5.3480000495910645, 5.263999938964844, 5.211999893188477, 5.190000057220459, 5.168000221252441, 5.156000137329102, 5.144999980926514, 5.176000118255615, 5.216000080108643, 5.26800012588501, 5.538000106811523, 5.7270002365112305, 5.638000011444092, 5.636000156402588, 5.763000011444092, 6.64900016784668, 5.729000091552734, 5.671999931335449, 5.867000102996826, 5.7270002365112305, 5.795000076293945, 5.688000202178955, 5.7129998207092285, 5.711999893188477, 5.701000213623047, 5.714000225067139, 5.716000080108643, 5.708000183105469, 5.7230000495910645, 5.7230000495910645, 5.271999835968018, 4.482999801635742, 4.489999771118164, 5.728000164031982, 5.756999969482422, 3.555000066757202, 3.5329999923706055, 3.5250000953674316, 3.5439999103546143, 2.552999973297119, 2.239000082015991, 2.5169999599456787, 3.569999933242798, 3.5439999103546143, 3.558000087738037, 3.5850000381469727, 3.5829999446868896, 3.5980000495910645, 3.5999999046325684, 3.611999988555908, 3.621000051498413, 3.632999897003174, 3.6530001163482666, 3.6540000438690186, 3.6659998893737793, 3.681999921798706, 3.680000066757202, 3.693000078201294, 3.7060000896453857, 3.7239999771118164, 3.680999994277954, 2.0190000534057617, 1.774999976158142, 1.7610000371932983, 1.753999948501587, 1.7929999828338623, 2.0510001182556152, 3.4079999923706055, 3.3269999027252197, 3.2679998874664307, 3.1989998817443848, 3.1610000133514404, 3.1080000400543213, 3.052999973297119, 3.003000020980835, 2.9539999961853027, 2.9000000953674316, 2.8410000801086426, 2.809999942779541, 2.7780001163482666, 2.6670000553131104, 1.940000057220459, 1.8329999446868896, 1.8200000524520874, 1.7999999523162842, 1.781999945640564, 1.7419999837875366, 1.7269999980926514, 1.7300000190734863, 1.7120000123977661, 1.7029999494552612, 1.7109999656677246, 1.7400000095367432, 1.7400000095367432, 1.7669999599456787, 1.7879999876022339, 1.7999999523162842, 1.812999963760376, 1.8309999704360962, 1.850000023841858, 1.840000033378601, 1.8830000162124634, 1.8880000114440918, 1.9739999771118164, 2.075000047683716, 2.072000026702881, 2.063999891281128, 2.0260000228881836, 2.01200008392334, 1.9859999418258667, 1.9700000286102295, 1.9730000495910645, 1.9450000524520874, 1.934000015258789, 1.8980000019073486, 1.8940000534057617, 1.8680000305175781, 1.8559999465942383, 1.7619999647140503, 1.6759999990463257, 1.6469999551773071, 1.6469999551773071, 1.8020000457763672, 1.7790000438690186, 1.781000018119812, 1.7580000162124634, 1.753000020980835, 1.7510000467300415, 1.715999960899353, 1.7020000219345093, 1.7109999656677246, 1.6920000314712524, 1.6820000410079956, 1.6740000247955322, 1.6490000486373901, 1.6460000276565552, 1.6399999856948853, 1.6369999647140503, 1.63100004196167, 1.625, 1.6269999742507935, 1.6139999628067017, 1.6030000448226929, 1.5989999771118164, 1.4520000219345093, 1.4570000171661377, 1.434000015258789, 1.4490000009536743, 1.5410000085830688, 1.5709999799728394, 1.5809999704360962, 1.6019999980926514, 1.6019999980926514, 1.6050000190734863, 1.5750000476837158, 1.5759999752044678, 1.555999994277954, 1.5460000038146973, 1.555999994277954, 1.5490000247955322, 1.5520000457763672, 1.5429999828338623, 1.5449999570846558, 1.5360000133514404, 1.5479999780654907, 1.5219999551773071, 1.5290000438690186, 1.5099999904632568, 1.5260000228881836, 1.5099999904632568, 1.524999976158142, 1.5, 1.503000020980835, 1.503999948501587, 1.496999979019165, 1.5099999904632568, 1.4880000352859497, 1.4809999465942383, 1.4910000562667847, 1.4919999837875366, 1.4709999561309814, 1.4830000400543213, 1.496999979019165, 1.4819999933242798, 1.4800000190734863, 1.4930000305175781, 1.4880000352859497, 1.475000023841858, 1.468999981880188, 1.4579999446868896, 1.4780000448226929, 1.468999981880188, 1.468999981880188, 1.475000023841858, 1.4880000352859497, 1.4509999752044678, 1.4880000352859497, 1.4819999933242798, 1.465999960899353, 1.4730000495910645, 1.4700000286102295, 1.4800000190734863, 1.468999981880188, 1.4819999933242798, 1.4889999628067017, 1.4869999885559082, 1.475000023841858, 1.444000005722046, 1.25, 1.2589999437332153, 1.2610000371932983, 1.2660000324249268, 1.2489999532699585, 1.2359999418258667, 1.246000051498413, 1.2610000371932983, 1.274999976158142, 1.2619999647140503, 1.2710000276565552, 1.2669999599456787, 1.2599999904632568, 0.003000000026077032, 0.003000000026077032, 0.003000000026077032, 0.003000000026077032, 0.003000000026077032, 0.003000000026077032, 0.0, 0.0, 0.0, 0.0, 0.0, 0.0, 0.0, 0.0, 0.0, 0.0, 0.0, 0.0, 0.0, 0.0, 0.0, 0.0, 0.0, 0.0, 0.0, 0.0, 0.0, 0.0, 0.0, 0.0, 0.0, 0.0, 0.0, 0.0, 0.0, 0.0, 0.0, 0.0, 0.0, 0.0, 0.0, 0.0, 0.0, 0.0, 0.41600000858306885, 0.4009999930858612, 0.40299999713897705, 0.0, 0.0, 0.0, 0.0, 0.0, 0.0, 0.0, 0.0, 0.0, 0.0, 0.0, 0.0, 0.0, 0.0, 0.0, 0.0, 0.0, 0.0, 0.0, 0.0, 0.0, 0.0, 0.0, 0.0, 0.0, 0.0, 0.0, 0.0, 0.0, 0.0, 0.0, 0.0, 0.0, 0.0, 0.0, 0.0, 0.0, 0.0, 0.0, 0.0, 0.0, 0.0, 0.0, 0.0, 0.0, 0.0, 0.0, 0.0, 0.0, 0.0, 0.0, 0.0, 0.0, 0.0, 0.0, 0.0, 0.0, 0.0, 0.0, 0.0, 0.0, 0.0, 0.0, 0.0, 0.0, 0.0, 0.0, 0.0, 0.0, 0.0, 0.0, 0.0, 0.0, 0.0, 0.0, 0.0, 0.0, 0.0, 0.0, 0.0, 0.0, 0.0, 0.0, 0.0, 0.0, 0.21199999749660492, 0.20999999344348907, 0.21699999272823334, 0.2280000001192093, 0.22100000083446503, 0.22699999809265137, 0.19900000095367432, 0.21199999749660492, 0.2160000056028366, 0.21699999272823334, 0.2199999988079071, 0.2199999988079071, 0.2240000069141388, 0.210999995470047, 0.22300000488758087, 0.2160000056028366, 0.2199999988079071, 0.20600000023841858, 0.20399999618530273, 0.22100000083446503, 0.21699999272823334, 0.21299999952316284, 0.20999999344348907, 0.21699999272823334, 0.21799999475479126, 0.22100000083446503, 0.21299999952316284, 0.2240000069141388, 0.2029999941587448, 0.2160000056028366, 0.210999995470047, 0.21899999678134918, 0.21899999678134918, 0.22699999809265137, 0.22499999403953552, 0.20900000631809235, 0.2199999988079071, 0.2240000069141388, 0.21899999678134918, 0.20999999344348907, 0.21799999475479126, 0.2070000022649765, 0.22300000488758087, 0.210999995470047, 0.22100000083446503, 0.21699999272823334, 0.21699999272823334, 0.21899999678134918, 0.210999995470047, 0.0, 0.0, 0.0, 0.0020000000949949026, 0.0, 0.0, 0.0, 0.0, 0.0, 0.0, 0.0, 0.0, 0.0, 0.0, 0.0, 0.0, 0.0, 0.0, 0.0, 0.0, 0.0, 0.0, 0.0, 0.0, 0.0, 0.0, 0.0, 0.0, 0.0, 0.0, 0.0, 0.0, 0.0, 0.0, 0.0, 0.0, 0.0, 0.0, 0.0, 0.0, 0.0, 0.0, 0.0, 0.0, 0.0, 0.0, 0.0, 0.0, 0.0, 0.0, 0.0, 0.0, 0.0, 0.0, 0.0, 0.0, 0.0, 0.0, 0.0, 0.0, 0.0]
intensities: [0.0, 0.0, 364.0, 0.0, 0.0, 320.0, 557.0, 615.0, 630.0, 597.0, 566.0, 567.0, 611.0, 581.0, 449.0, 382.0, 390.0, 395.0, 670.0, 672.0, 409.0, 436.0, 565.0, 503.0, 463.0, 425.0, 322.0, 382.0, 302.0, 295.0, 515.0, 573.0, 491.0, 331.0, 323.0, 446.0, 473.0, 479.0, 484.0, 490.0, 500.0, 504.0, 508.0, 511.0, 507.0, 503.0, 496.0, 494.0, 487.0, 478.0, 475.0, 471.0, 494.0, 514.0, 491.0, 442.0, 544.0, 434.0, 844.0, 485.0, 569.0, 601.0, 628.0, 423.0, 363.0, 318.0, 449.0, 463.0, 327.0, 396.0, 394.0, 400.0, 398.0, 399.0, 410.0, 422.0, 421.0, 649.0, 449.0, 322.0, 374.0, 468.0, 478.0, 478.0, 466.0, 441.0, 408.0, 381.0, 574.0, 572.0, 451.0, 455.0, 561.0, 430.0, 602.0, 583.0, 546.0, 445.0, 551.0, 519.0, 517.0, 518.0, 518.0, 496.0, 473.0, 452.0, 427.0, 415.0, 512.0, 617.0, 610.0, 376.0, 368.0, 457.0, 577.0, 584.0, 565.0, 660.0, 420.0, 647.0, 549.0, 570.0, 567.0, 566.0, 564.0, 562.0, 559.0, 558.0, 556.0, 555.0, 552.0, 554.0, 551.0, 545.0, 542.0, 549.0, 547.0, 546.0, 517.0, 818.0, 516.0, 621.0, 617.0, 687.0, 763.0, 432.0, 470.0, 482.0, 486.0, 491.0, 497.0, 503.0, 507.0, 503.0, 489.0, 489.0, 510.0, 530.0, 534.0, 614.0, 543.0, 522.0, 525.0, 521.0, 548.0, 555.0, 557.0, 622.0, 628.0, 564.0, 546.0, 535.0, 533.0, 531.0, 529.0, 529.0, 533.0, 531.0, 534.0, 531.0, 526.0, 546.0, 611.0, 616.0, 618.0, 621.0, 626.0, 628.0, 621.0, 559.0, 500.0, 483.0, 577.0, 640.0, 646.0, 649.0, 620.0, 459.0, 462.0, 430.0, 596.0, 657.0, 658.0, 663.0, 662.0, 664.0, 667.0, 668.0, 670.0, 670.0, 672.0, 678.0, 678.0, 678.0, 681.0, 681.0, 679.0, 681.0, 681.0, 672.0, 673.0, 609.0, 469.0, 517.0, 478.0, 467.0, 645.0, 633.0, 621.0, 640.0, 633.0, 633.0, 634.0, 631.0, 633.0, 634.0, 634.0, 636.0, 634.0, 637.0, 637.0, 638.0, 636.0, 635.0, 636.0, 640.0, 638.0, 638.0, 633.0, 639.0, 639.0, 639.0, 643.0, 643.0, 643.0, 641.0, 641.0, 641.0, 638.0, 639.0, 639.0, 639.0, 639.0, 639.0, 639.0, 644.0, 641.0, 643.0, 643.0, 641.0, 640.0, 640.0, 639.0, 638.0, 635.0, 637.0, 639.0, 640.0, 639.0, 637.0, 640.0, 638.0, 639.0, 642.0, 644.0, 613.0, 567.0, 564.0, 545.0, 537.0, 548.0, 531.0, 476.0, 456.0, 443.0, 441.0, 481.0, 489.0, 500.0, 0.0, 0.0, 0.0, 0.0, 0.0, 0.0, 0.0, 0.0, 0.0, 0.0, 0.0, 0.0, 0.0, 0.0, 0.0, 0.0, 0.0, 0.0, 0.0, 0.0, 0.0, 0.0, 0.0, 0.0, 0.0, 0.0, 0.0, 0.0, 0.0, 0.0, 0.0, 0.0, 0.0, 0.0, 0.0, 0.0, 0.0, 0.0, 0.0, 0.0, 0.0, 0.0, 0.0, 0.0, 376.0, 379.0, 358.0, 0.0, 0.0, 0.0, 0.0, 0.0, 0.0, 0.0, 0.0, 0.0, 0.0, 0.0, 0.0, 0.0, 0.0, 0.0, 0.0, 0.0, 0.0, 0.0, 0.0, 0.0, 0.0, 0.0, 0.0, 0.0, 0.0, 0.0, 0.0, 0.0, 0.0, 0.0, 0.0, 0.0, 0.0, 0.0, 0.0, 0.0, 0.0, 0.0, 0.0, 0.0, 0.0, 0.0, 0.0, 0.0, 0.0, 0.0, 0.0, 0.0, 0.0, 0.0, 0.0, 0.0, 0.0, 0.0, 0.0, 0.0, 0.0, 0.0, 0.0, 0.0, 0.0, 0.0, 0.0, 0.0, 0.0, 0.0, 0.0, 0.0, 0.0, 0.0, 0.0, 0.0, 0.0, 0.0, 0.0, 0.0, 0.0, 0.0, 0.0, 0.0, 0.0, 0.0, 0.0, 0.0, 262.0, 280.0, 292.0, 297.0, 309.0, 317.0, 326.0, 338.0, 350.0, 370.0, 389.0, 404.0, 419.0, 438.0, 459.0, 485.0, 512.0, 537.0, 569.0, 622.0, 688.0, 769.0, 838.0, 840.0, 839.0, 816.0, 830.0, 798.0, 695.0, 630.0, 593.0, 550.0, 515.0, 486.0, 466.0, 442.0, 424.0, 409.0, 392.0, 381.0, 361.0, 348.0, 343.0, 326.0, 321.0, 310.0, 299.0, 288.0, 271.0, 0.0, 0.0, 0.0, 0.0, 0.0, 0.0, 0.0, 0.0, 0.0, 0.0, 0.0, 0.0, 0.0, 0.0, 0.0, 0.0, 0.0, 0.0, 0.0, 0.0, 0.0, 0.0, 0.0, 0.0, 0.0, 0.0, 0.0, 0.0, 0.0, 0.0, 0.0, 0.0, 0.0, 0.0, 0.0, 0.0, 0.0, 0.0, 0.0, 0.0, 0.0, 0.0, 0.0, 0.0, 0.0, 0.0, 0.0, 0.0, 0.0, 0.0, 0.0, 0.0, 0.0, 0.0, 0.0, 0.0, 0.0, 0.0, 0.0, 0.0, 0.0]
---
header: 
  seq: 28910^Z
[1]+  Stopped                 rostopic echo /front/scan
administrator@CPR-J100-0155:~$ ^C
administrator@CPR-J100-0155:~$ rostopic echo /front/scan


