rostopic echo /jackal_velocity_controller/odom

header: 
  seq: 209295
  stamp: 
    secs: 1524005023
    nsecs:  34616676
  frame_id: odom
child_frame_id: base_link
pose: 
  pose: 
    position: 
      x: 1.51461656649
      y: 4.75793409543
      z: 0.0
    orientation: 
      x: 0.0
      y: 0.0
      z: 0.707736610547
      w: 0.706476390328
  covariance: [0.001, 0.0, 0.0, 0.0, 0.0, 0.0, 0.0, 0.001, 0.0, 0.0, 0.0, 0.0, 0.0, 0.0, 1000000.0, 0.0, 0.0, 0.0, 0.0, 0.0, 0.0, 1000000.0, 0.0, 0.0, 0.0, 0.0, 0.0, 0.0, 1000000.0, 0.0, 0.0, 0.0, 0.0, 0.0, 0.0, 0.03]
twist: 
  twist: 
    linear: 
      x: -9.75651850976e-16
      y: 0.0
      z: 0.0
    angular: 
      x: 0.0
      y: 0.0
      z: 5.30174862345e-16
  covariance: [0.001, 0.0, 0.0, 0.0, 0.0, 0.0, 0.0, 0.001, 0.0, 0.0, 0.0, 0.0, 0.0, 0.0, 0.001, 0.0, 0.0, 0.0, 0.0, 0.0, 0.0, 1000000.0, 0.0, 0.0, 0.0, 0.0, 0.0, 0.0, 1000000.0, 0.0, 0.0, 0.0, 0.0, 0.0, 0.0, 0.03]
---
header: 
  seq: 209296
  stamp: 
    secs: 1524005023
    nsecs:  54616317
  frame_id: odom
child_frame_id: base_link
pose: 
  pose: 
    position: 
      x: 1.51461656649
      y: 4.75793409543
      z: 0.0
    orientation: 
      x: 0.0
      y: 0.0
      z: 0.707736610547
      w: 0.706476390328
  covariance: [0.001, 0.0, 0.0, 0.0, 0.0, 0.0, 0.0, 0.001, 0.0, 0.0, 0.0, 0.0, 0.0, 0.0, 1000000.0, 0.0, 0.0, 0.0, 0.0, 0.0, 0.0, 1000000.0, 0.0, 0.0, 0.0, 0.0, 0.0, 0.0, 1000000.0, 0.0, 0.0, 0.0, 0.0, 0.0, 0.0, 0.03]
twist: 
  twist: 
    linear: 
      x: -9.75651850976e-16
      y: 0.0
      z: 0.0
    angular: 
      x: 0.0
      y: 0.0
      z: 5.30174862345e-16
  covariance: [0.001, 0.0, 0.0, 0.0, 0.0, 0.0, 0.0, 0.001, 0.0, 0.0, 0.0, 0.0, 0.0, 0.0, 0.001, 0.0, 0.0, 0.0, 0.0, 0.0, 0.0, 1000000.0, 0.0, 0.0, 0.0, 0.0, 0.0, 0.0, 1000000.0, 0.0, 0.0, 0.0, 0.0, 0.0, 0.0, 0.03]
---
header: 
  seq: 209297
  stamp: 
    secs: 1524005023
    nsecs:  75114357
  frame_id: odom
child_frame_id: base_link
pose: 
  pose: 
    position: 
      x: 1.51461656649
      y: 4.75793409543
      z: 0.0
    orientation: 
      x: 0.0
      y: 0.0
      z: 0.707736610547
      w: 0.706476390328
  covariance: [0.001, 0.0, 0.0, 0.0, 0.0, 0.0, 0.0, 0.001, 0.0, 0.0, 0.0, 0.0, 0.0, 0.0, 1000000.0, 0.0, 0.0, 0.0, 0.0, 0.0, 0.0, 1000000.0, 0.0, 0.0, 0.0, 0.0, 0.0, 0.0, 1000000.0, 0.0, 0.0, 0.0, 0.0, 0.0, 0.0, 0.03]
twist: 
  twist: 
    linear: 
      x: -9.75651850976e-16
      y: 0.0
      z: 0.0
    angular: 
      x: 0.0
      y: 0.0
      z: 5.30174862345e-16
  covariance: [0.001, 0.0, 0.0, 0.0, 0.0, 0.0, 0.0, 0.001, 0.0, 0.0, 0.0, 0.0, 0.0, 0.0, 0.001, 0.0, 0.0, 0.0, 0.0, 0.0, 0.0, 1000000.0, 0.0, 0.0, 0.0, 0.0, 0.0, 0.0, 1000000.0, 0.0, 0.0, 0.0, 0.0, 0.0, 0.0, 0.03]
---
header: 
  seq: 209298
  stamp: 
    secs: 1524005023
    nsecs:  94625921
  frame_id: odom
child_frame_id: base_link
pose: 
  pose: 
    position: 
      x: 1.51461656649
      y: 4.75793409543
      z: 0.0
    orientation: 
      x: 0.0
      y: 0.0
      z: 0.707736610547
      w: 0.706476390328
  covariance: [0.001, 0.0, 0.0, 0.0, 0.0, 0.0, 0.0, 0.001, 0.0, 0.0, 0.0, 0.0, 0.0, 0.0, 1000000.0, 0.0, 0.0, 0.0, 0.0, 0.0, 0.0, 1000000.0, 0.0, 0.0, 0.0, 0.0, 0.0, 0.0, 1000000.0, 0.0, 0.0, 0.0, 0.0, 0.0, 0.0, 0.03]
twist: 
  twist: 
    linear: 
      x: -9.75651850976e-16
      y: 0.0
      z: 0.0
    angular: 
      x: 0.0
      y: 0.0
      z: 5.30174862345e-16
  covariance: [0.001, 0.0, 0.0, 0.0, 0.0, 0.0, 0.0, 0.001, 0.0, 0.0, 0.0, 0.0, 0.0, 0.0, 0.001, 0.0, 0.0, 0.0, 0.0, 0.0, 0.0, 1000000.0, 0.0, 0.0, 0.0, 0.0, 0.0, 0.0, 1000000.0, 0.0, 0.0, 0.0, 0.0, 0.0, 0.0, 0.03]
---
header: 
  seq: 209299
  stamp: 
    secs: 1524005023
    nsecs: 114641904
  frame_id: odom
child_frame_id: base_link
pose: 
  pose: 
    position: 
      x: 1.51461656649
      y: 4.75793409543
      z: 0.0
    orientation: 
      x: 0.0
      y: 0.0
      z: 0.707736610547
      w: 0.706476390328
  covariance: [0.001, 0.0, 0.0, 0.0, 0.0, 0.0, 0.0, 0.001, 0.0, 0.0, 0.0, 0.0, 0.0, 0.0, 1000000.0, 0.0, 0.0, 0.0, 0.0, 0.0, 0.0, 1000000.0, 0.0, 0.0, 0.0, 0.0, 0.0, 0.0, 1000000.0, 0.0, 0.0, 0.0, 0.0, 0.0, 0.0, 0.03]
twist: 
  twist: 
    linear: 
      x: -9.75651850976e-16
      y: 0.0
      z: 0.0
    angular: 
      x: 0.0
      y: 0.0
      z: 5.30174862345e-16
  covariance: [0.001, 0.0, 0.0, 0.0, 0.0, 0.0, 0.0, 0.001, 0.0, 0.0, 0.0, 0.0, 0.0, 0.0, 0.001, 0.0, 0.0, 0.0, 0.0, 0.0, 0.0, 1000000.0, 0.0, 0.0, 0.0, 0.0, 0.0, 0.0, 1000000.0, 0.0, 0.0, 0.0, 0.0, 0.0, 0.0, 0.03]
---
header: 
  seq: 209300
  stamp: 
    secs: 1524005023
    nsecs: 134616541
  frame_id: odom
child_frame_id: base_link
pose: 
  pose: 
    position: 
      x: 1.51461656649
      y: 4.75793409543
      z: 0.0
    orientation: 
      x: 0.0
      y: 0.0
      z: 0.707736610547
      w: 0.706476390328
  covariance: [0.001, 0.0, 0.0, 0.0, 0.0, 0.0, 0.0, 0.001, 0.0, 0.0, 0.0, 0.0, 0.0, 0.0, 1000000.0, 0.0, 0.0, 0.0, 0.0, 0.0, 0.0, 1000000.0, 0.0, 0.0, 0.0, 0.0, 0.0, 0.0, 1000000.0, 0.0, 0.0, 0.0, 0.0, 0.0, 0.0, 0.03]
twist: 
  twist: 
    linear: 
      x: -9.75651850976e-16
      y: 0.0
      z: 0.0
    angular: 
      x: 0.0
      y: 0.0
      z: 5.30174862345e-16
  covariance: [0.001, 0.0, 0.0, 0.0, 0.0, 0.0, 0.0, 0.001, 0.0, 0.0, 0.0, 0.0, 0.0, 0.0, 0.001, 0.0, 0.0, 0.0, 0.0, 0.0, 0.0, 1000000.0, 0.0, 0.0, 0.0, 0.0, 0.0, 0.0, 1000000.0, 0.0, 0.0, 0.0, 0.0, 0.0, 0.0, 0.03]
---
header: 
  seq: 209301
  stamp: 
    secs: 1524005023
    nsecs: 154614745
  frame_id: odom
child_frame_id: base_link
pose: 
  pose: 
    position: 
      x: 1.51461656649
      y: 4.75793409543
      z: 0.0
    orientation: 
      x: 0.0
      y: 0.0
      z: 0.707736610547
      w: 0.706476390328
  covariance: [0.001, 0.0, 0.0, 0.0, 0.0, 0.0, 0.0, 0.001, 0.0, 0.0, 0.0, 0.0, 0.0, 0.0, 1000000.0, 0.0, 0.0, 0.0, 0.0, 0.0, 0.0, 1000000.0, 0.0, 0.0, 0.0, 0.0, 0.0, 0.0, 1000000.0, 0.0, 0.0, 0.0, 0.0, 0.0, 0.0, 0.03]
twist: 
  twist: 
    linear: 
      x: -9.75651850976e-16
      y: 0.0
      z: 0.0
    angular: 
      x: 0.0
      y: 0.0
      z: 5.30174862345e-16
  covariance: [0.001, 0.0, 0.0, 0.0, 0.0, 0.0, 0.0, 0.001, 0.0, 0.0, 0.0, 0.0, 0.0, 0.0, 0.001, 0.0, 0.0, 0.0, 0.0, 0.0, 0.0, 1000000.0, 0.0, 0.0, 0.0, 0.0, 0.0, 0.0, 1000000.0, 0.0, 0.0, 0.0, 0.0, 0.0, 0.0, 0.03]
---
header: 
  seq: 209302
  stamp: 
    secs: 1524005023
    nsecs: 174611661
  frame_id: odom
child_frame_id: base_link
pose: 
  pose: 
    position: 
      x: 1.51461656649
      y: 4.75793409543
      z: 0.0
    orientation: 
      x: 0.0
      y: 0.0
      z: 0.707736610547
      w: 0.706476390328
  covariance: [0.001, 0.0, 0.0, 0.0, 0.0, 0.0, 0.0, 0.001, 0.0, 0.0, 0.0, 0.0, 0.0, 0.0, 1000000.0, 0.0, 0.0, 0.0, 0.0, 0.0, 0.0, 1000000.0, 0.0, 0.0, 0.0, 0.0, 0.0, 0.0, 1000000.0, 0.0, 0.0, 0.0, 0.0, 0.0, 0.0, 0.03]
twist: 
  twist: 
    linear: 
      x: -9.75651850976e-16
      y: 0.0
      z: 0.0
    angular: 
      x: 0.0
      y: 0.0
      z: 5.30174862345e-16
  covariance: [0.001, 0.0, 0.0, 0.0, 0.0, 0.0, 0.0, 0.001, 0.0, 0.0, 0.0, 0.0, 0.0, 0.0, 0.001, 0.0, 0.0, 0.0, 0.0, 0.0, 0.0, 1000000.0, 0.0, 0.0, 0.0, 0.0, 0.0, 0.0, 1000000.0, 0.0, 0.0, 0.0, 0.0, 0.0, 0.0, 0.03]
---
header: 
  seq: 209303
  stamp: 
    secs: 1524005023
    nsecs: 194635221
  frame_id: odom
child_frame_id: base_link
pose: 
  pose: 
    position: 
      x: 1.51461656649
      y: 4.75793409543
      z: 0.0
    orientation: 
      x: 0.0
      y: 0.0
      z: 0.707736610547
      w: 0.706476390328
  covariance: [0.001, 0.0, 0.0, 0.0, 0.0, 0.0, 0.0, 0.001, 0.0, 0.0, 0.0, 0.0, 0.0, 0.0, 1000000.0, 0.0, 0.0, 0.0, 0.0, 0.0, 0.0, 1000000.0, 0.0, 0.0, 0.0, 0.0, 0.0, 0.0, 1000000.0, 0.0, 0.0, 0.0, 0.0, 0.0, 0.0, 0.03]
twist: 
  twist: 
    linear: 
      x: -9.75651850976e-16
      y: 0.0
      z: 0.0
    angular: 
      x: 0.0
      y: 0.0
      z: 5.30174862345e-16
  covariance: [0.001, 0.0, 0.0, 0.0, 0.0, 0.0, 0.0, 0.001, 0.0, 0.0, 0.0, 0.0, 0.0, 0.0, 0.001, 0.0, 0.0, 0.0, 0.0, 0.0, 0.0, 1000000.0, 0.0, 0.0, 0.0, 0.0, 0.0, 0.0, 1000000.0, 0.0, 0.0, 0.0, 0.0, 0.0, 0.0, 0.03]
---
header: 
  seq: 209304
  stamp: 
    secs: 1524005023
    nsecs: 214596545
  frame_id: odom
child_frame_id: base_link
pose: 
  pose: 
    position: 
      x: 1.51461656649
      y: 4.75793409543
      z: 0.0
    orientation: 
      x: 0.0
      y: 0.0
      z: 0.707736610547
      w: 0.706476390328
  covariance: [0.001, 0.0, 0.0, 0.0, 0.0, 0.0, 0.0, 0.001, 0.0, 0.0, 0.0, 0.0, 0.0, 0.0, 1000000.0, 0.0, 0.0, 0.0, 0.0, 0.0, 0.0, 1000000.0, 0.0, 0.0, 0.0, 0.0, 0.0, 0.0, 1000000.0, 0.0, 0.0, 0.0, 0.0, 0.0, 0.0, 0.03]
twist: 
  twist: 
    linear: 
      x: -9.75651850976e-16
      y: 0.0
      z: 0.0
    angular: 
      x: 0.0
      y: 0.0
      z: 5.30174862345e-16
  covariance: [0.001, 0.0, 0.0, 0.0, 0.0, 0.0, 0.0, 0.001, 0.0, 0.0, 0.0, 0.0, 0.0, 0.0, 0.001, 0.0, 0.0, 0.0, 0.0, 0.0, 0.0, 1000000.0, 0.0, 0.0, 0.0, 0.0, 0.0, 0.0, 1000000.0, 0.0, 0.0, 0.0, 0.0, 0.0, 0.0, 0.03]
---
header: 
  seq: 209305
  stamp: 
    secs: 1524005023
    nsecs: 234615022
  frame_id: odom
child_frame_id: base_link
pose: 
  pose: 
    position: 
      x: 1.51461656649
      y: 4.75793409543
      z: 0.0
    orientation: 
      x: 0.0
      y: 0.0
      z: 0.707736610547
      w: 0.706476390328
  covariance: [0.001, 0.0, 0.0, 0.0, 0.0, 0.0, 0.0, 0.001, 0.0, 0.0, 0.0, 0.0, 0.0, 0.0, 1000000.0, 0.0, 0.0, 0.0, 0.0, 0.0, 0.0, 1000000.0, 0.0, 0.0, 0.0, 0.0, 0.0, 0.0, 1000000.0, 0.0, 0.0, 0.0, 0.0, 0.0, 0.0, 0.03]
twist: 
  twist: 
    linear: 
      x: -9.75651850976e-16
      y: 0.0
      z: 0.0
    angular: 
      x: 0.0
      y: 0.0
      z: 5.30174862345e-16
  covariance: [0.001, 0.0, 0.0, 0.0, 0.0, 0.0, 0.0, 0.001, 0.0, 0.0, 0.0, 0.0, 0.0, 0.0, 0.001, 0.0, 0.0, 0.0, 0.0, 0.0, 0.0, 1000000.0, 0.0, 0.0, 0.0, 0.0, 0.0, 0.0, 1000000.0, 0.0, 0.0, 0.0, 0.0, 0.0, 0.0, 0.03]
---
header: 
  seq: 209306
  stamp: 
    secs: 1524005023
    nsecs: 254641432
  frame_id: odom
child_frame_id: base_link
pose: 
  pose: 
    position: 
      x: 1.51461656649
      y: 4.75793409543
      z: 0.0
    orientation: 
      x: 0.0
      y: 0.0
      z: 0.707736610547
      w: 0.706476390328
  covariance: [0.001, 0.0, 0.0, 0.0, 0.0, 0.0, 0.0, 0.001, 0.0, 0.0, 0.0, 0.0, 0.0, 0.0, 1000000.0, 0.0, 0.0, 0.0, 0.0, 0.0, 0.0, 1000000.0, 0.0, 0.0, 0.0, 0.0, 0.0, 0.0, 1000000.0, 0.0, 0.0, 0.0, 0.0, 0.0, 0.0, 0.03]
twist: 
  twist: 
    linear: 
      x: -9.75651850976e-16
      y: 0.0
      z: 0.0
    angular: 
      x: 0.0
      y: 0.0
      z: 5.30174862345e-16
  covariance: [0.001, 0.0, 0.0, 0.0, 0.0, 0.0, 0.0, 0.001, 0.0, 0.0, 0.0, 0.0, 0.0, 0.0, 0.001, 0.0, 0.0, 0.0, 0.0, 0.0, 0.0, 1000000.0, 0.0, 0.0, 0.0, 0.0, 0.0, 0.0, 1000000.0, 0.0, 0.0, 0.0, 0.0, 0.0, 0.0, 0.03]
---
header: 
  seq: 209307
  stamp: 
    secs: 1524005023
    nsecs: 274612151
  frame_id: odom
child_frame_id: base_link
pose: 
  pose: 
    position: 
      x: 1.51461656649
      y: 4.75793409543
      z: 0.0
    orientation: 
      x: 0.0
      y: 0.0
      z: 0.707736610547
      w: 0.706476390328
  covariance: [0.001, 0.0, 0.0, 0.0, 0.0, 0.0, 0.0, 0.001, 0.0, 0.0, 0.0, 0.0, 0.0, 0.0, 1000000.0, 0.0, 0.0, 0.0, 0.0, 0.0, 0.0, 1000000.0, 0.0, 0.0, 0.0, 0.0, 0.0, 0.0, 1000000.0, 0.0, 0.0, 0.0, 0.0, 0.0, 0.0, 0.03]
twist: 
  twist: 
    linear: 
      x: -9.75651850976e-16
      y: 0.0
      z: 0.0
    angular: 
      x: 0.0
      y: 0.0
      z: 5.30174862345e-16
  covariance: [0.001, 0.0, 0.0, 0.0, 0.0, 0.0, 0.0, 0.001, 0.0, 0.0, 0.0, 0.0, 0.0, 0.0, 0.001, 0.0, 0.0, 0.0, 0.0, 0.0, 0.0, 1000000.0, 0.0, 0.0, 0.0, 0.0, 0.0, 0.0, 1000000.0, 0.0, 0.0, 0.0, 0.0, 0.0, 0.0, 0.03]
---
header: 
  seq: 209308
  stamp: 
    secs: 1524005023
    nsecs: 294614838
  frame_id: odom
child_frame_id: base_link
pose: 
  pose: 
    position: 
      x: 1.51461656649
      y: 4.75793409543
      z: 0.0
    orientation: 
      x: 0.0
      y: 0.0
      z: 0.707736610547
      w: 0.706476390328
  covariance: [0.001, 0.0, 0.0, 0.0, 0.0, 0.0, 0.0, 0.001, 0.0, 0.0, 0.0, 0.0, 0.0, 0.0, 1000000.0, 0.0, 0.0, 0.0, 0.0, 0.0, 0.0, 1000000.0, 0.0, 0.0, 0.0, 0.0, 0.0, 0.0, 1000000.0, 0.0, 0.0, 0.0, 0.0, 0.0, 0.0, 0.03]
twist: 
  twist: 
    linear: 
      x: -9.75651850976e-16
      y: 0.0
      z: 0.0
    angular: 
      x: 0.0
      y: 0.0
      z: 5.30174862345e-16
  covariance: [0.001, 0.0, 0.0, 0.0, 0.0, 0.0, 0.0, 0.001, 0.0, 0.0, 0.0, 0.0, 0.0, 0.0, 0.001, 0.0, 0.0, 0.0, 0.0, 0.0, 0.0, 1000000.0, 0.0, 0.0, 0.0, 0.0, 0.0, 0.0, 1000000.0, 0.0, 0.0, 0.0, 0.0, 0.0, 0.0, 0.03]
---
header: 
  seq: 209309
  stamp: 
    secs: 1524005023
    nsecs: 314615244
  frame_id: odom
child_frame_id: base_link
pose: 
  pose: 
    position: 
      x: 1.51461656649
      y: 4.75793409543
      z: 0.0
    orientation: 
      x: 0.0
      y: 0.0
      z: 0.707736610547
      w: 0.706476390328
  covariance: [0.001, 0.0, 0.0, 0.0, 0.0, 0.0, 0.0, 0.001, 0.0, 0.0, 0.0, 0.0, 0.0, 0.0, 1000000.0, 0.0, 0.0, 0.0, 0.0, 0.0, 0.0, 1000000.0, 0.0, 0.0, 0.0, 0.0, 0.0, 0.0, 1000000.0, 0.0, 0.0, 0.0, 0.0, 0.0, 0.0, 0.03]
twist: 
  twist: 
    linear: 
      x: -9.75651850976e-16
      y: 0.0
      z: 0.0
    angular: 
      x: 0.0
      y: 0.0
      z: 5.30174862345e-16
  covariance: [0.001, 0.0, 0.0, 0.0, 0.0, 0.0, 0.0, 0.001, 0.0, 0.0, 0.0, 0.0, 0.0, 0.0, 0.001, 0.0, 0.0, 0.0, 0.0, 0.0, 0.0, 1000000.0, 0.0, 0.0, 0.0, 0.0, 0.0, 0.0, 1000000.0, 0.0, 0.0, 0.0, 0.0, 0.0, 0.0, 0.03]
---
header: 
  seq: 209310
  stamp: 
    secs: 1524005023
    nsecs: 334640979
  frame_id: odom
child_frame_id: base_link
pose: 
  pose: 
    position: 
      x: 1.51461656649
      y: 4.75793409543
      z: 0.0
    orientation: 
      x: 0.0
      y: 0.0
      z: 0.707736610547
      w: 0.706476390328
  covariance: [0.001, 0.0, 0.0, 0.0, 0.0, 0.0, 0.0, 0.001, 0.0, 0.0, 0.0, 0.0, 0.0, 0.0, 1000000.0, 0.0, 0.0, 0.0, 0.0, 0.0, 0.0, 1000000.0, 0.0, 0.0, 0.0, 0.0, 0.0, 0.0, 1000000.0, 0.0, 0.0, 0.0, 0.0, 0.0, 0.0, 0.03]
twist: 
  twist: 
    linear: 
      x: -9.75651850976e-16
      y: 0.0
      z: 0.0
    angular: 
      x: 0.0
      y: 0.0
      z: 5.30174862345e-16
  covariance: [0.001, 0.0, 0.0, 0.0, 0.0, 0.0, 0.0, 0.001, 0.0, 0.0, 0.0, 0.0, 0.0, 0.0, 0.001, 0.0, 0.0, 0.0, 0.0, 0.0, 0.0, 1000000.0, 0.0, 0.0, 0.0, 0.0, 0.0, 0.0, 1000000.0, 0.0, 0.0, 0.0, 0.0, 0.0, 0.0, 0.03]
---
header: 
  seq: 209311
  stamp: 
    secs: 1524005023
    nsecs: 354589159
  frame_id: odom
child_frame_id: base_link
pose: 
  pose: 
    position: 
      x: 1.51461656649
      y: 4.75793409543
      z: 0.0
    orientation: 
      x: 0.0
      y: 0.0
      z: 0.707736610547
      w: 0.706476390328
  covariance: [0.001, 0.0, 0.0, 0.0, 0.0, 0.0, 0.0, 0.001, 0.0, 0.0, 0.0, 0.0, 0.0, 0.0, 1000000.0, 0.0, 0.0, 0.0, 0.0, 0.0, 0.0, 1000000.0, 0.0, 0.0, 0.0, 0.0, 0.0, 0.0, 1000000.0, 0.0, 0.0, 0.0, 0.0, 0.0, 0.0, 0.03]
twist: 
  twist: 
    linear: 
      x: -9.75651850976e-16
      y: 0.0
      z: 0.0
    angular: 
      x: 0.0
      y: 0.0
      z: 5.30174862345e-16
  covariance: [0.001, 0.0, 0.0, 0.0, 0.0, 0.0, 0.0, 0.001, 0.0, 0.0, 0.0, 0.0, 0.0, 0.0, 0.001, 0.0, 0.0, 0.0, 0.0, 0.0, 0.0, 1000000.0, 0.0, 0.0, 0.0, 0.0, 0.0, 0.0, 1000000.0, 0.0, 0.0, 0.0, 0.0, 0.0, 0.0, 0.03]
---
header: 
  seq: 209312
  stamp: 
    secs: 1524005023
    nsecs: 374625510
  frame_id: odom
child_frame_id: base_link
pose: 
  pose: 
    position: 
      x: 1.51461656649
      y: 4.75793409543
      z: 0.0
    orientation: 
      x: 0.0
      y: 0.0
      z: 0.707736610547
      w: 0.706476390328
  covariance: [0.001, 0.0, 0.0, 0.0, 0.0, 0.0, 0.0, 0.001, 0.0, 0.0, 0.0, 0.0, 0.0, 0.0, 1000000.0, 0.0, 0.0, 0.0, 0.0, 0.0, 0.0, 1000000.0, 0.0, 0.0, 0.0, 0.0, 0.0, 0.0, 1000000.0, 0.0, 0.0, 0.0, 0.0, 0.0, 0.0, 0.03]
twist: 
  twist: 
    linear: 
      x: -9.75651850976e-16
      y: 0.0
      z: 0.0
    angular: 
      x: 0.0
      y: 0.0
      z: 5.30174862345e-16
  covariance: [0.001, 0.0, 0.0, 0.0, 0.0, 0.0, 0.0, 0.001, 0.0, 0.0, 0.0, 0.0, 0.0, 0.0, 0.001, 0.0, 0.0, 0.0, 0.0, 0.0, 0.0, 1000000.0, 0.0, 0.0, 0.0, 0.0, 0.0, 0.0, 1000000.0, 0.0, 0.0, 0.0, 0.0, 0.0, 0.0, 0.03]
---
header: 
  seq: 209313
  stamp: 
    secs: 1524005023
    nsecs: 394614506
  frame_id: odom
child_frame_id: base_link
pose: 
  pose: 
    position: 
      x: 1.51461656649
      y: 4.75793409543
      z: 0.0
    orientation: 
      x: 0.0
      y: 0.0
      z: 0.707736610547
      w: 0.706476390328
  covariance: [0.001, 0.0, 0.0, 0.0, 0.0, 0.0, 0.0, 0.001, 0.0, 0.0, 0.0, 0.0, 0.0, 0.0, 1000000.0, 0.0, 0.0, 0.0, 0.0, 0.0, 0.0, 1000000.0, 0.0, 0.0, 0.0, 0.0, 0.0, 0.0, 1000000.0, 0.0, 0.0, 0.0, 0.0, 0.0, 0.0, 0.03]
twist: 
  twist: 
    linear: 
      x: -9.75651850976e-16
      y: 0.0
      z: 0.0
    angular: 
      x: 0.0
      y: 0.0
      z: 5.30174862345e-16
  covariance: [0.001, 0.0, 0.0, 0.0, 0.0, 0.0, 0.0, 0.001, 0.0, 0.0, 0.0, 0.0, 0.0, 0.0, 0.001, 0.0, 0.0, 0.0, 0.0, 0.0, 0.0, 1000000.0, 0.0, 0.0, 0.0, 0.0, 0.0, 0.0, 1000000.0, 0.0, 0.0, 0.0, 0.0, 0.0, 0.0, 0.03]
---
header: 
  seq: 209314
  stamp: 
    secs: 1524005023
    nsecs: 414615172
  frame_id: odom
child_frame_id: base_link
pose: 
  pose: 
    position: 
      x: 1.51461656649
      y: 4.75793409543
      z: 0.0
    orientation: 
      x: 0.0
      y: 0.0
      z: 0.707736610547
      w: 0.706476390328
  covariance: [0.001, 0.0, 0.0, 0.0, 0.0, 0.0, 0.0, 0.001, 0.0, 0.0, 0.0, 0.0, 0.0, 0.0, 1000000.0, 0.0, 0.0, 0.0, 0.0, 0.0, 0.0, 1000000.0, 0.0, 0.0, 0.0, 0.0, 0.0, 0.0, 1000000.0, 0.0, 0.0, 0.0, 0.0, 0.0, 0.0, 0.03]
twist: 
  twist: 
    linear: 
      x: -9.75651850976e-16
      y: 0.0
      z: 0.0
    angular: 
      x: 0.0
      y: 0.0
      z: 5.30174862345e-16
  covariance: [0.001, 0.0, 0.0, 0.0, 0.0, 0.0, 0.0, 0.001, 0.0, 0.0, 0.0, 0.0, 0.0, 0.0, 0.001, 0.0, 0.0, 0.0, 0.0, 0.0, 0.0, 1000000.0, 0.0, 0.0, 0.0, 0.0, 0.0, 0.0, 1000000.0, 0.0, 0.0, 0.0, 0.0, 0.0, 0.0, 0.03]
---
header: 
  seq: 209315
  stamp: 
    secs: 1524005023
    nsecs: 434614843
  frame_id: odom
child_frame_id: base_link
pose: 
  pose: 
    position: 
      x: 1.51461656649
      y: 4.75793409543
      z: 0.0
    orientation: 
      x: 0.0
      y: 0.0
      z: 0.707736610547
      w: 0.706476390328
  covariance: [0.001, 0.0, 0.0, 0.0, 0.0, 0.0, 0.0, 0.001, 0.0, 0.0, 0.0, 0.0, 0.0, 0.0, 1000000.0, 0.0, 0.0, 0.0, 0.0, 0.0, 0.0, 1000000.0, 0.0, 0.0, 0.0, 0.0, 0.0, 0.0, 1000000.0, 0.0, 0.0, 0.0, 0.0, 0.0, 0.0, 0.03]
twist: 
  twist: 
    linear: 
      x: -9.75651850976e-16
      y: 0.0
      z: 0.0
    angular: 
      x: 0.0
      y: 0.0
      z: 5.30174862345e-16
  covariance: [0.001, 0.0, 0.0, 0.0, 0.0, 0.0, 0.0, 0.001, 0.0, 0.0, 0.0, 0.0, 0.0, 0.0, 0.001, 0.0, 0.0, 0.0, 0.0, 0.0, 0.0, 1000000.0, 0.0, 0.0, 0.0, 0.0, 0.0, 0.0, 1000000.0, 0.0, 0.0, 0.0, 0.0, 0.0, 0.0, 0.03]
---
header: 
  seq: 209316
  stamp: 
    secs: 1524005023
    nsecs: 454641452
  frame_id: odom
child_frame_id: base_link
pose: 
  pose: 
    position: 
      x: 1.51461656649
      y: 4.75793409543
      z: 0.0
    orientation: 
      x: 0.0
      y: 0.0
      z: 0.707736610547
      w: 0.706476390328
  covariance: [0.001, 0.0, 0.0, 0.0, 0.0, 0.0, 0.0, 0.001, 0.0, 0.0, 0.0, 0.0, 0.0, 0.0, 1000000.0, 0.0, 0.0, 0.0, 0.0, 0.0, 0.0, 1000000.0, 0.0, 0.0, 0.0, 0.0, 0.0, 0.0, 1000000.0, 0.0, 0.0, 0.0, 0.0, 0.0, 0.0, 0.03]
twist: 
  twist: 
    linear: 
      x: -9.75651850976e-16
      y: 0.0
      z: 0.0
    angular: 
      x: 0.0
      y: 0.0
      z: 5.30174862345e-16
  covariance: [0.001, 0.0, 0.0, 0.0, 0.0, 0.0, 0.0, 0.001, 0.0, 0.0, 0.0, 0.0, 0.0, 0.0, 0.001, 0.0, 0.0, 0.0, 0.0, 0.0, 0.0, 1000000.0, 0.0, 0.0, 0.0, 0.0, 0.0, 0.0, 1000000.0, 0.0, 0.0, 0.0, 0.0, 0.0, 0.0, 0.03]
---
header: 
  seq: 209317
  stamp: 
    secs: 1524005023
    nsecs: 474627574
  frame_id: odom
child_frame_id: base_link
pose: 
  pose: 
    position: 
      x: 1.51461656649
      y: 4.75793409543
      z: 0.0
    orientation: 
      x: 0.0
      y: 0.0
      z: 0.707736610547
      w: 0.706476390328
  covariance: [0.001, 0.0, 0.0, 0.0, 0.0, 0.0, 0.0, 0.001, 0.0, 0.0, 0.0, 0.0, 0.0, 0.0, 1000000.0, 0.0, 0.0, 0.0, 0.0, 0.0, 0.0, 1000000.0, 0.0, 0.0, 0.0, 0.0, 0.0, 0.0, 1000000.0, 0.0, 0.0, 0.0, 0.0, 0.0, 0.0, 0.03]
twist: 
  twist: 
    linear: 
      x: -9.75651850976e-16
      y: 0.0
      z: 0.0
    angular: 
      x: 0.0
      y: 0.0
      z: 5.30174862345e-16
  covariance: [0.001, 0.0, 0.0, 0.0, 0.0, 0.0, 0.0, 0.001, 0.0, 0.0, 0.0, 0.0, 0.0, 0.0, 0.001, 0.0, 0.0, 0.0, 0.0, 0.0, 0.0, 1000000.0, 0.0, 0.0, 0.0, 0.0, 0.0, 0.0, 1000000.0, 0.0, 0.0, 0.0, 0.0, 0.0, 0.0, 0.03]
---
header: 
  seq: 209318
  stamp: 
    secs: 1524005023
    nsecs: 494642472
  frame_id: odom
child_frame_id: base_link
pose: 
  pose: 
    position: 
      x: 1.51461656649
      y: 4.75793409543
      z: 0.0
    orientation: 
      x: 0.0
      y: 0.0
      z: 0.707736610547
      w: 0.706476390328
  covariance: [0.001, 0.0, 0.0, 0.0, 0.0, 0.0, 0.0, 0.001, 0.0, 0.0, 0.0, 0.0, 0.0, 0.0, 1000000.0, 0.0, 0.0, 0.0, 0.0, 0.0, 0.0, 1000000.0, 0.0, 0.0, 0.0, 0.0, 0.0, 0.0, 1000000.0, 0.0, 0.0, 0.0, 0.0, 0.0, 0.0, 0.03]
twist: 
  twist: 
    linear: 
      x: -9.75651850976e-16
      y: 0.0
      z: 0.0
    angular: 
      x: 0.0
      y: 0.0
      z: 5.30174862345e-16
  covariance: [0.001, 0.0, 0.0, 0.0, 0.0, 0.0, 0.0, 0.001, 0.0, 0.0, 0.0, 0.0, 0.0, 0.0, 0.001, 0.0, 0.0, 0.0, 0.0, 0.0, 0.0, 1000000.0, 0.0, 0.0, 0.0, 0.0, 0.0, 0.0, 1000000.0, 0.0, 0.0, 0.0, 0.0, 0.0, 0.0, 0.03]
---
header: 
  seq: 209319
  stamp: 
    secs: 1524005023
    nsecs: 514615504
  frame_id: odom
child_frame_id: base_link
pose: 
  pose: 
    position: 
      x: 1.51461656649
      y: 4.75793409543
      z: 0.0
    orientation: 
      x: 0.0
      y: 0.0
      z: 0.707736610547
      w: 0.706476390328
  covariance: [0.001, 0.0, 0.0, 0.0, 0.0, 0.0, 0.0, 0.001, 0.0, 0.0, 0.0, 0.0, 0.0, 0.0, 1000000.0, 0.0, 0.0, 0.0, 0.0, 0.0, 0.0, 1000000.0, 0.0, 0.0, 0.0, 0.0, 0.0, 0.0, 1000000.0, 0.0, 0.0, 0.0, 0.0, 0.0, 0.0, 0.03]
twist: 
  twist: 
    linear: 
      x: -9.75651850976e-16
      y: 0.0
      z: 0.0
    angular: 
      x: 0.0
      y: 0.0
      z: 5.30174862345e-16
  covariance: [0.001, 0.0, 0.0, 0.0, 0.0, 0.0, 0.0, 0.001, 0.0, 0.0, 0.0, 0.0, 0.0, 0.0, 0.001, 0.0, 0.0, 0.0, 0.0, 0.0, 0.0, 1000000.0, 0.0, 0.0, 0.0, 0.0, 0.0, 0.0, 1000000.0, 0.0, 0.0, 0.0, 0.0, 0.0, 0.0, 0.03]
---
header: 
  seq: 209320
  stamp: 
    secs: 1524005023
    nsecs: 534641153
  frame_id: odom
child_frame_id: base_link
pose: 
  pose: 
    position: 
      x: 1.51461656649
      y: 4.75793409543
      z: 0.0
    orientation: 
      x: 0.0
      y: 0.0
      z: 0.707736610547
      w: 0.706476390328
  covariance: [0.001, 0.0, 0.0, 0.0, 0.0, 0.0, 0.0, 0.001, 0.0, 0.0, 0.0, 0.0, 0.0, 0.0, 1000000.0, 0.0, 0.0, 0.0, 0.0, 0.0, 0.0, 1000000.0, 0.0, 0.0, 0.0, 0.0, 0.0, 0.0, 1000000.0, 0.0, 0.0, 0.0, 0.0, 0.0, 0.0, 0.03]
twist: 
  twist: 
    linear: 
      x: -9.75651850976e-16
      y: 0.0
      z: 0.0
    angular: 
      x: 0.0
      y: 0.0
      z: 5.30174862345e-16
  covariance: [0.001, 0.0, 0.0, 0.0, 0.0, 0.0, 0.0, 0.001, 0.0, 0.0, 0.0, 0.0, 0.0, 0.0, 0.001, 0.0, 0.0, 0.0, 0.0, 0.0, 0.0, 1000000.0, 0.0, 0.0, 0.0, 0.0, 0.0, 0.0, 1000000.0, 0.0, 0.0, 0.0, 0.0, 0.0, 0.0, 0.03]
---
header: 
  seq: 209321
  stamp: 
    secs: 1524005023
    nsecs: 554615346
  frame_id: odom
child_frame_id: base_link
pose: 
  pose: 
    position: 
      x: 1.51461656649
      y: 4.75793409543
      z: 0.0
    orientation: 
      x: 0.0
      y: 0.0
      z: 0.707736610547
      w: 0.706476390328
  covariance: [0.001, 0.0, 0.0, 0.0, 0.0, 0.0, 0.0, 0.001, 0.0, 0.0, 0.0, 0.0, 0.0, 0.0, 1000000.0, 0.0, 0.0, 0.0, 0.0, 0.0, 0.0, 1000000.0, 0.0, 0.0, 0.0, 0.0, 0.0, 0.0, 1000000.0, 0.0, 0.0, 0.0, 0.0, 0.0, 0.0, 0.03]
twist: 
  twist: 
    linear: 
      x: -9.75651850976e-16
      y: 0.0
      z: 0.0
    angular: 
      x: 0.0
      y: 0.0
      z: 5.30174862345e-16
  covariance: [0.001, 0.0, 0.0, 0.0, 0.0, 0.0, 0.0, 0.001, 0.0, 0.0, 0.0, 0.0, 0.0, 0.0, 0.001, 0.0, 0.0, 0.0, 0.0, 0.0, 0.0, 1000000.0, 0.0, 0.0, 0.0, 0.0, 0.0, 0.0, 1000000.0, 0.0, 0.0, 0.0, 0.0, 0.0, 0.0, 0.03]
---
header: 
  seq: 209322
  stamp: 
    secs: 1524005023
    nsecs: 574580602
  frame_id: odom
child_frame_id: base_link
pose: 
  pose: 
    position: 
      x: 1.51461656649
      y: 4.75793409543
      z: 0.0
    orientation: 
      x: 0.0
      y: 0.0
      z: 0.707736610547
      w: 0.706476390328
  covariance: [0.001, 0.0, 0.0, 0.0, 0.0, 0.0, 0.0, 0.001, 0.0, 0.0, 0.0, 0.0, 0.0, 0.0, 1000000.0, 0.0, 0.0, 0.0, 0.0, 0.0, 0.0, 1000000.0, 0.0, 0.0, 0.0, 0.0, 0.0, 0.0, 1000000.0, 0.0, 0.0, 0.0, 0.0, 0.0, 0.0, 0.03]
twist: 
  twist: 
    linear: 
      x: -9.75651850976e-16
      y: 0.0
      z: 0.0
    angular: 
      x: 0.0
      y: 0.0
      z: 5.30174862345e-16
  covariance: [0.001, 0.0, 0.0, 0.0, 0.0, 0.0, 0.0, 0.001, 0.0, 0.0, 0.0, 0.0, 0.0, 0.0, 0.001, 0.0, 0.0, 0.0, 0.0, 0.0, 0.0, 1000000.0, 0.0, 0.0, 0.0, 0.0, 0.0, 0.0, 1000000.0, 0.0, 0.0, 0.0, 0.0, 0.0, 0.0, 0.03]
---
header: 
  seq: 209323
  stamp: 
    secs: 1524005023
    nsecs: 594618412
  frame_id: odom
child_frame_id: base_link
pose: 
  pose: 
    position: 
      x: 1.51461656649
      y: 4.75793409543
      z: 0.0
    orientation: 
      x: 0.0
      y: 0.0
      z: 0.707736610547
      w: 0.706476390328
  covariance: [0.001, 0.0, 0.0, 0.0, 0.0, 0.0, 0.0, 0.001, 0.0, 0.0, 0.0, 0.0, 0.0, 0.0, 1000000.0, 0.0, 0.0, 0.0, 0.0, 0.0, 0.0, 1000000.0, 0.0, 0.0, 0.0, 0.0, 0.0, 0.0, 1000000.0, 0.0, 0.0, 0.0, 0.0, 0.0, 0.0, 0.03]
twist: 
  twist: 
    linear: 
      x: -9.75651850976e-16
      y: 0.0
      z: 0.0
    angular: 
      x: 0.0
      y: 0.0
      z: 5.30174862345e-16
  covariance: [0.001, 0.0, 0.0, 0.0, 0.0, 0.0, 0.0, 0.001, 0.0, 0.0, 0.0, 0.0, 0.0, 0.0, 0.001, 0.0, 0.0, 0.0, 0.0, 0.0, 0.0, 1000000.0, 0.0, 0.0, 0.0, 0.0, 0.0, 0.0, 1000000.0, 0.0, 0.0, 0.0, 0.0, 0.0, 0.0, 0.03]
---
header: 
  seq: 209324
  stamp: 
    secs: 1524005023
    nsecs: 614617596
  frame_id: odom
child_frame_id: base_link
pose: 
  pose: 
    position: 
      x: 1.51461656649
      y: 4.75793409543
      z: 0.0
    orientation: 
      x: 0.0
      y: 0.0
      z: 0.707736610547
      w: 0.706476390328
  covariance: [0.001, 0.0, 0.0, 0.0, 0.0, 0.0, 0.0, 0.001, 0.0, 0.0, 0.0, 0.0, 0.0, 0.0, 1000000.0, 0.0, 0.0, 0.0, 0.0, 0.0, 0.0, 1000000.0, 0.0, 0.0, 0.0, 0.0, 0.0, 0.0, 1000000.0, 0.0, 0.0, 0.0, 0.0, 0.0, 0.0, 0.03]
twist: 
  twist: 
    linear: 
      x: -9.75651850976e-16
      y: 0.0
      z: 0.0
    angular: 
      x: 0.0
      y: 0.0
      z: 5.30174862345e-16
  covariance: [0.001, 0.0, 0.0, 0.0, 0.0, 0.0, 0.0, 0.001, 0.0, 0.0, 0.0, 0.0, 0.0, 0.0, 0.001, 0.0, 0.0, 0.0, 0.0, 0.0, 0.0, 1000000.0, 0.0, 0.0, 0.0, 0.0, 0.0, 0.0, 1000000.0, 0.0, 0.0, 0.0, 0.0, 0.0, 0.0, 0.03]
---
header: 
  seq: 209325
  stamp: 
    secs: 1524005023
    nsecs: 634642500
  frame_id: odom
child_frame_id: base_link
pose: 
  pose: 
    position: 
      x: 1.51461656649
      y: 4.75793409543
      z: 0.0
    orientation: 
      x: 0.0
      y: 0.0
      z: 0.707736610547
      w: 0.706476390328
  covariance: [0.001, 0.0, 0.0, 0.0, 0.0, 0.0, 0.0, 0.001, 0.0, 0.0, 0.0, 0.0, 0.0, 0.0, 1000000.0, 0.0, 0.0, 0.0, 0.0, 0.0, 0.0, 1000000.0, 0.0, 0.0, 0.0, 0.0, 0.0, 0.0, 1000000.0, 0.0, 0.0, 0.0, 0.0, 0.0, 0.0, 0.03]
twist: 
  twist: 
    linear: 
      x: -9.75651850976e-16
      y: 0.0
      z: 0.0
    angular: 
      x: 0.0
      y: 0.0
      z: 5.30174862345e-16
  covariance: [0.001, 0.0, 0.0, 0.0, 0.0, 0.0, 0.0, 0.001, 0.0, 0.0, 0.0, 0.0, 0.0, 0.0, 0.001, 0.0, 0.0, 0.0, 0.0, 0.0, 0.0, 1000000.0, 0.0, 0.0, 0.0, 0.0, 0.0, 0.0, 1000000.0, 0.0, 0.0, 0.0, 0.0, 0.0, 0.0, 0.03]
---
header: 
  seq: 209326
  stamp: 
    secs: 1524005023
    nsecs: 654641387
  frame_id: odom
child_frame_id: base_link
pose: 
  pose: 
    position: 
      x: 1.51461656649
      y: 4.75793409543
      z: 0.0
    orientation: 
      x: 0.0
      y: 0.0
      z: 0.707736610547
      w: 0.706476390328
  covariance: [0.001, 0.0, 0.0, 0.0, 0.0, 0.0, 0.0, 0.001, 0.0, 0.0, 0.0, 0.0, 0.0, 0.0, 1000000.0, 0.0, 0.0, 0.0, 0.0, 0.0, 0.0, 1000000.0, 0.0, 0.0, 0.0, 0.0, 0.0, 0.0, 1000000.0, 0.0, 0.0, 0.0, 0.0, 0.0, 0.0, 0.03]
twist: 
  twist: 
    linear: 
      x: -9.75651850976e-16
      y: 0.0
      z: 0.0
    angular: 
      x: 0.0
      y: 0.0
      z: 5.30174862345e-16
  covariance: [0.001, 0.0, 0.0, 0.0, 0.0, 0.0, 0.0, 0.001, 0.0, 0.0, 0.0, 0.0, 0.0, 0.0, 0.001, 0.0, 0.0, 0.0, 0.0, 0.0, 0.0, 1000000.0, 0.0, 0.0, 0.0, 0.0, 0.0, 0.0, 1000000.0, 0.0, 0.0, 0.0, 0.0, 0.0, 0.0, 0.03]


second

      z: 0.0
    angular: 
      x: 0.0
      y: 0.0
      z: 5.31389168779e-16
  covariance: [0.001, 0.0, 0.0, 0.0, 0.0, 0.0, 0.0, 0.001, 0.0, 0.0, 0.0, 0.0, 0.0, 0.0, 0.001, 0.0, 0.0, 0.0, 0.0, 0.0, 0.0, 1000000.0, 0.0, 0.0, 0.0, 0.0, 0.0, 0.0, 1000000.0, 0.0, 0.0, 0.0, 0.0, 0.0, 0.0, 0.03]
---
header: 
  seq: 284096
  stamp: 
    secs: 1524006519
    nsecs: 994623814
  frame_id: odom
child_frame_id: base_link
pose: 
  pose: 
    position: 
      x: 1.51465451282
      y: 5.08249260503
      z: 0.0
    orientation: 
      x: 0.0
      y: 0.0
      z: 0.70407859426
      w: 0.710122055076
  covariance: [0.001, 0.0, 0.0, 0.0, 0.0, 0.0, 0.0, 0.001, 0.0, 0.0, 0.0, 0.0, 0.0, 0.0, 1000000.0, 0.0, 0.0, 0.0, 0.0, 0.0, 0.0, 1000000.0, 0.0, 0.0, 0.0, 0.0, 0.0, 0.0, 1000000.0, 0.0, 0.0, 0.0, 0.0, 0.0, 0.0, 0.03]
twist: 
  twist: 
    linear: 
      x: -9.50932041444e-16
      y: 0.0
      z: 0.0
    angular: 
      x: 0.0
      y: 0.0
      z: 5.31389168779e-16
  covariance: [0.001, 0.0, 0.0, 0.0, 0.0, 0.0, 0.0, 0.001, 0.0, 0.0, 0.0, 0.0, 0.0, 0.0, 0.001, 0.0, 0.0, 0.0, 0.0, 0.0, 0.0, 1000000.0, 0.0, 0.0, 0.0, 0.0, 0.0, 0.0, 1000000.0, 0.0, 0.0, 0.0, 0.0, 0.0, 0.0, 0.03]
---
header: 
  seq: 284097
  stamp: 
    secs: 1524006520
    nsecs:  14615670
  frame_id: odom
child_frame_id: base_link
pose: 
  pose: 
    position: 
      x: 1.51465451282
      y: 5.08249260503
      z: 0.0
    orientation: 
      x: 0.0
      y: 0.0
      z: 0.70407859426
      w: 0.710122055076
  covariance: [0.001, 0.0, 0.0, 0.0, 0.0, 0.0, 0.0, 0.001, 0.0, 0.0, 0.0, 0.0, 0.0, 0.0, 1000000.0, 0.0, 0.0, 0.0, 0.0, 0.0, 0.0, 1000000.0, 0.0, 0.0, 0.0, 0.0, 0.0, 0.0, 1000000.0, 0.0, 0.0, 0.0, 0.0, 0.0, 0.0, 0.03]
twist: 
  twist: 
    linear: 
      x: -9.50932041444e-16
      y: 0.0
      z: 0.0
    angular: 
      x: 0.0
      y: 0.0
      z: 5.31389168779e-16
  covariance: [0.001, 0.0, 0.0, 0.0, 0.0, 0.0, 0.0, 0.001, 0.0, 0.0, 0.0, 0.0, 0.0, 0.0, 0.001, 0.0, 0.0, 0.0, 0.0, 0.0, 0.0, 1000000.0, 0.0, 0.0, 0.0, 0.0, 0.0, 0.0, 1000000.0, 0.0, 0.0, 0.0, 0.0, 0.0, 0.0, 0.03]
---
header: 
  seq: 284098
  stamp: 
    secs: 1524006520
    nsecs:  34615498
  frame_id: odom
child_frame_id: base_link
pose: 
  pose: 
    position: 
      x: 1.51465451282
      y: 5.08249260503
      z: 0.0
    orientation: 
      x: 0.0
      y: 0.0
      z: 0.70407859426
      w: 0.710122055076
  covariance: [0.001, 0.0, 0.0, 0.0, 0.0, 0.0, 0.0, 0.001, 0.0, 0.0, 0.0, 0.0, 0.0, 0.0, 1000000.0, 0.0, 0.0, 0.0, 0.0, 0.0, 0.0, 1000000.0, 0.0, 0.0, 0.0, 0.0, 0.0, 0.0, 1000000.0, 0.0, 0.0, 0.0, 0.0, 0.0, 0.0, 0.03]
twist: 
  twist: 
    linear: 
      x: -9.50932041444e-16
      y: 0.0
      z: 0.0
    angular: 
      x: 0.0
      y: 0.0
      z: 5.31389168779e-16
  covariance: [0.001, 0.0, 0.0, 0.0, 0.0, 0.0, 0.0, 0.001, 0.0, 0.0, 0.0, 0.0, 0.0, 0.0, 0.001, 0.0, 0.0, 0.0, 0.0, 0.0, 0.0, 1000000.0, 0.0, 0.0, 0.0, 0.0, 0.0, 0.0, 1000000.0, 0.0, 0.0, 0.0, 0.0, 0.0, 0.0, 0.03]
---
header: 
  seq: 284099
  stamp: 
    secs: 1524006520
    nsecs:  54625595
  frame_id: odom
child_frame_id: base_link
pose: 
  pose: 
    position: 
      x: 1.51465451282
      y: 5.08249260503
      z: 0.0
    orientation: 
      x: 0.0
      y: 0.0
      z: 0.70407859426
      w: 0.710122055076
  covariance: [0.001, 0.0, 0.0, 0.0, 0.0, 0.0, 0.0, 0.001, 0.0, 0.0, 0.0, 0.0, 0.0, 0.0, 1000000.0, 0.0, 0.0, 0.0, 0.0, 0.0, 0.0, 1000000.0, 0.0, 0.0, 0.0, 0.0, 0.0, 0.0, 1000000.0, 0.0, 0.0, 0.0, 0.0, 0.0, 0.0, 0.03]
twist: 
  twist: 
    linear: 
      x: -9.50932041444e-16
      y: 0.0
      z: 0.0
    angular: 
      x: 0.0
      y: 0.0
      z: 5.31389168779e-16
  covariance: [0.001, 0.0, 0.0, 0.0, 0.0, 0.0, 0.0, 0.001, 0.0, 0.0, 0.0, 0.0, 0.0, 0.0, 0.001, 0.0, 0.0, 0.0, 0.0, 0.0, 0.0, 1000000.0, 0.0, 0.0, 0.0, 0.0, 0.0, 0.0, 1000000.0, 0.0, 0.0, 0.0, 0.0, 0.0, 0.0, 0.03]
---
header: 
  seq: 284100
  stamp: 
    secs: 1524006520
    nsecs:  74589538
  frame_id: odom
child_frame_id: base_link
pose: 
  pose: 
    position: 
      x: 1.51465451282
      y: 5.08249260503
      z: 0.0
    orientation: 
      x: 0.0
      y: 0.0
      z: 0.70407859426
      w: 0.710122055076
  covariance: [0.001, 0.0, 0.0, 0.0, 0.0, 0.0, 0.0, 0.001, 0.0, 0.0, 0.0, 0.0, 0.0, 0.0, 1000000.0, 0.0, 0.0, 0.0, 0.0, 0.0, 0.0, 1000000.0, 0.0, 0.0, 0.0, 0.0, 0.0, 0.0, 1000000.0, 0.0, 0.0, 0.0, 0.0, 0.0, 0.0, 0.03]
twist: 
  twist: 
    linear: 
      x: -9.50932041444e-16
      y: 0.0
      z: 0.0
    angular: 
      x: 0.0
      y: 0.0
      z: 5.31389168779e-16
  covariance: [0.001, 0.0, 0.0, 0.0, 0.0, 0.0, 0.0, 0.001, 0.0, 0.0, 0.0, 0.0, 0.0, 0.0, 0.001, 0.0, 0.0, 0.0, 0.0, 0.0, 0.0, 1000000.0, 0.0, 0.0, 0.0, 0.0, 0.0, 0.0, 1000000.0, 0.0, 0.0, 0.0, 0.0, 0.0, 0.0, 0.03]
---
header: 
  seq: 284101
  stamp: 
    secs: 1524006520
    nsecs:  94626530
  frame_id: odom
child_frame_id: base_link
pose: 
  pose: 
    position: 
      x: 1.51465451282
      y: 5.08249260503
      z: 0.0
    orientation: 
      x: 0.0
      y: 0.0
      z: 0.70407859426
      w: 0.710122055076
  covariance: [0.001, 0.0, 0.0, 0.0, 0.0, 0.0, 0.0, 0.001, 0.0, 0.0, 0.0, 0.0, 0.0, 0.0, 1000000.0, 0.0, 0.0, 0.0, 0.0, 0.0, 0.0, 1000000.0, 0.0, 0.0, 0.0, 0.0, 0.0, 0.0, 1000000.0, 0.0, 0.0, 0.0, 0.0, 0.0, 0.0, 0.03]
twist: 
  twist: 
    linear: 
      x: -9.50932041444e-16
      y: 0.0
      z: 0.0
    angular: 
      x: 0.0
      y: 0.0
      z: 5.31389168779e-16
  covariance: [0.001, 0.0, 0.0, 0.0, 0.0, 0.0, 0.0, 0.001, 0.0, 0.0, 0.0, 0.0, 0.0, 0.0, 0.001, 0.0, 0.0, 0.0, 0.0, 0.0, 0.0, 1000000.0, 0.0, 0.0, 0.0, 0.0, 0.0, 0.0, 1000000.0, 0.0, 0.0, 0.0, 0.0, 0.0, 0.0, 0.03]
---
header: 
  seq: 284102
  stamp: 
    secs: 1524006520
    nsecs: 114640879
  frame_id: odom
child_frame_id: base_link
pose: 
  pose: 
    position: 
      x: 1.51465451282
      y: 5.08249260503
      z: 0.0
    orientation: 
      x: 0.0
      y: 0.0
      z: 0.70407859426
      w: 0.710122055076
  covariance: [0.001, 0.0, 0.0, 0.0, 0.0, 0.0, 0.0, 0.001, 0.0, 0.0, 0.0, 0.0, 0.0, 0.0, 1000000.0, 0.0, 0.0, 0.0, 0.0, 0.0, 0.0, 1000000.0, 0.0, 0.0, 0.0, 0.0, 0.0, 0.0, 1000000.0, 0.0, 0.0, 0.0, 0.0, 0.0, 0.0, 0.03]
twist: 
  twist: 
    linear: 
      x: -9.50932041444e-16
      y: 0.0
      z: 0.0
    angular: 
      x: 0.0
      y: 0.0
      z: 5.31389168779e-16
  covariance: [0.001, 0.0, 0.0, 0.0, 0.0, 0.0, 0.0, 0.001, 0.0, 0.0, 0.0, 0.0, 0.0, 0.0, 0.001, 0.0, 0.0, 0.0, 0.0, 0.0, 0.0, 1000000.0, 0.0, 0.0, 0.0, 0.0, 0.0, 0.0, 1000000.0, 0.0, 0.0, 0.0, 0.0, 0.0, 0.0, 0.03]
---
header: 
  seq: 284103
  stamp: 
    secs: 1524006520
    nsecs: 134639654
  frame_id: odom
child_frame_id: base_link
pose: 
  pose: 
    position: 
      x: 1.51465451282
      y: 5.08249260503
      z: 0.0
    orientation: 
      x: 0.0
      y: 0.0
      z: 0.70407859426
      w: 0.710122055076
  covariance: [0.001, 0.0, 0.0, 0.0, 0.0, 0.0, 0.0, 0.001, 0.0, 0.0, 0.0, 0.0, 0.0, 0.0, 1000000.0, 0.0, 0.0, 0.0, 0.0, 0.0, 0.0, 1000000.0, 0.0, 0.0, 0.0, 0.0, 0.0, 0.0, 1000000.0, 0.0, 0.0, 0.0, 0.0, 0.0, 0.0, 0.03]
twist: 
  twist: 
    linear: 
      x: -9.50932041444e-16
      y: 0.0
      z: 0.0
    angular: 
      x: 0.0
      y: 0.0
      z: 5.31389168779e-16
  covariance: [0.001, 0.0, 0.0, 0.0, 0.0, 0.0, 0.0, 0.001, 0.0, 0.0, 0.0, 0.0, 0.0, 0.0, 0.001, 0.0, 0.0, 0.0, 0.0, 0.0, 0.0, 1000000.0, 0.0, 0.0, 0.0, 0.0, 0.0, 0.0, 1000000.0, 0.0, 0.0, 0.0, 0.0, 0.0, 0.0, 0.03]
---
header: 
  seq: 284104
  stamp: 
    secs: 1524006520
    nsecs: 154615552
  frame_id: odom
child_frame_id: base_link
pose: 
  pose: 
    position: 
      x: 1.51465451282
      y: 5.08249260503
      z: 0.0
    orientation: 
      x: 0.0
      y: 0.0
      z: 0.70407859426
      w: 0.710122055076
  covariance: [0.001, 0.0, 0.0, 0.0, 0.0, 0.0, 0.0, 0.001, 0.0, 0.0, 0.0, 0.0, 0.0, 0.0, 1000000.0, 0.0, 0.0, 0.0, 0.0, 0.0, 0.0, 1000000.0, 0.0, 0.0, 0.0, 0.0, 0.0, 0.0, 1000000.0, 0.0, 0.0, 0.0, 0.0, 0.0, 0.0, 0.03]
twist: 
  twist: 
    linear: 
      x: -9.50932041444e-16
      y: 0.0
      z: 0.0
    angular: 
      x: 0.0
      y: 0.0
      z: 5.31389168779e-16
  covariance: [0.001, 0.0, 0.0, 0.0, 0.0, 0.0, 0.0, 0.001, 0.0, 0.0, 0.0, 0.0, 0.0, 0.0, 0.001, 0.0, 0.0, 0.0, 0.0, 0.0, 0.0, 1000000.0, 0.0, 0.0, 0.0, 0.0, 0.0, 0.0, 1000000.0, 0.0, 0.0, 0.0, 0.0, 0.0, 0.0, 0.03]
---
header: 
  seq: 284105
  stamp: 
    secs: 1524006520
    nsecs: 174615623
  frame_id: odom
child_frame_id: base_link
pose: 
  pose: 
    position: 
      x: 1.51465451282
      y: 5.08249260503
      z: 0.0
    orientation: 
      x: 0.0
      y: 0.0
      z: 0.70407859426
      w: 0.710122055076
  covariance: [0.001, 0.0, 0.0, 0.0, 0.0, 0.0, 0.0, 0.001, 0.0, 0.0, 0.0, 0.0, 0.0, 0.0, 1000000.0, 0.0, 0.0, 0.0, 0.0, 0.0, 0.0, 1000000.0, 0.0, 0.0, 0.0, 0.0, 0.0, 0.0, 1000000.0, 0.0, 0.0, 0.0, 0.0, 0.0, 0.0, 0.03]
twist: 
  twist: 
    linear: 
      x: -9.50932041444e-16
      y: 0.0
      z: 0.0
    angular: 
      x: 0.0
      y: 0.0
      z: 5.31389168779e-16
  covariance: [0.001, 0.0, 0.0, 0.0, 0.0, 0.0, 0.0, 0.001, 0.0, 0.0, 0.0, 0.0, 0.0, 0.0, 0.001, 0.0, 0.0, 0.0, 0.0, 0.0, 0.0, 1000000.0, 0.0, 0.0, 0.0, 0.0, 0.0, 0.0, 1000000.0, 0.0, 0.0, 0.0, 0.0, 0.0, 0.0, 0.03]
---
header: 
  seq: 284106
  stamp: 
    secs: 1524006520
    nsecs: 194641791
  frame_id: odom
child_frame_id: base_link
pose: 
  pose: 
    position: 
      x: 1.51465451282
      y: 5.08249260503
      z: 0.0
    orientation: 
      x: 0.0
      y: 0.0
      z: 0.70407859426
      w: 0.710122055076
  covariance: [0.001, 0.0, 0.0, 0.0, 0.0, 0.0, 0.0, 0.001, 0.0, 0.0, 0.0, 0.0, 0.0, 0.0, 1000000.0, 0.0, 0.0, 0.0, 0.0, 0.0, 0.0, 1000000.0, 0.0, 0.0, 0.0, 0.0, 0.0, 0.0, 1000000.0, 0.0, 0.0, 0.0, 0.0, 0.0, 0.0, 0.03]
twist: 
  twist: 
    linear: 
      x: -9.50932041444e-16
      y: 0.0
      z: 0.0
    angular: 
      x: 0.0
      y: 0.0
      z: 5.31389168779e-16
  covariance: [0.001, 0.0, 0.0, 0.0, 0.0, 0.0, 0.0, 0.001, 0.0, 0.0, 0.0, 0.0, 0.0, 0.0, 0.001, 0.0, 0.0, 0.0, 0.0, 0.0, 0.0, 1000000.0, 0.0, 0.0, 0.0, 0.0, 0.0, 0.0, 1000000.0, 0.0, 0.0, 0.0, 0.0, 0.0, 0.0, 0.03]
---
header: 
  seq: 284107
  stamp: 
    secs: 1524006520
    nsecs: 214594061
  frame_id: odom
child_frame_id: base_link
pose: 
  pose: 
    position: 
      x: 1.51465451282
      y: 5.08249260503
      z: 0.0
    orientation: 
      x: 0.0
      y: 0.0
      z: 0.70407859426
      w: 0.710122055076
  covariance: [0.001, 0.0, 0.0, 0.0, 0.0, 0.0, 0.0, 0.001, 0.0, 0.0, 0.0, 0.0, 0.0, 0.0, 1000000.0, 0.0, 0.0, 0.0, 0.0, 0.0, 0.0, 1000000.0, 0.0, 0.0, 0.0, 0.0, 0.0, 0.0, 1000000.0, 0.0, 0.0, 0.0, 0.0, 0.0, 0.0, 0.03]
twist: 
  twist: 
    linear: 
      x: -9.50932041444e-16
      y: 0.0
      z: 0.0
    angular: 
      x: 0.0
      y: 0.0
      z: 5.31389168779e-16
  covariance: [0.001, 0.0, 0.0, 0.0, 0.0, 0.0, 0.0, 0.001, 0.0, 0.0, 0.0, 0.0, 0.0, 0.0, 0.001, 0.0, 0.0, 0.0, 0.0, 0.0, 0.0, 1000000.0, 0.0, 0.0, 0.0, 0.0, 0.0, 0.0, 1000000.0, 0.0, 0.0, 0.0, 0.0, 0.0, 0.0, 0.03]
---
header: 
  seq: 284108
  stamp: 
    secs: 1524006520
    nsecs: 234616299
  frame_id: odom
child_frame_id: base_link
pose: 
  pose: 
    position: 
      x: 1.51465451282
      y: 5.08249260503
      z: 0.0
    orientation: 
      x: 0.0
      y: 0.0
      z: 0.70407859426
      w: 0.710122055076
  covariance: [0.001, 0.0, 0.0, 0.0, 0.0, 0.0, 0.0, 0.001, 0.0, 0.0, 0.0, 0.0, 0.0, 0.0, 1000000.0, 0.0, 0.0, 0.0, 0.0, 0.0, 0.0, 1000000.0, 0.0, 0.0, 0.0, 0.0, 0.0, 0.0, 1000000.0, 0.0, 0.0, 0.0, 0.0, 0.0, 0.0, 0.03]
twist: 
  twist: 
    linear: 
      x: -9.50932041444e-16
      y: 0.0
      z: 0.0
    angular: 
      x: 0.0
      y: 0.0
      z: 5.31389168779e-16
  covariance: [0.001, 0.0, 0.0, 0.0, 0.0, 0.0, 0.0, 0.001, 0.0, 0.0, 0.0, 0.0, 0.0, 0.0, 0.001, 0.0, 0.0, 0.0, 0.0, 0.0, 0.0, 1000000.0, 0.0, 0.0, 0.0, 0.0, 0.0, 0.0, 1000000.0, 0.0, 0.0, 0.0, 0.0, 0.0, 0.0, 0.03]
---
header: 
  seq: 284109
  stamp: 
    secs: 1524006520
    nsecs: 254618550
  frame_id: odom
child_frame_id: base_link
pose: 
  pose: 
    position: 
      x: 1.51465451282
      y: 5.08249260503
      z: 0.0
    orientation: 
      x: 0.0
      y: 0.0
      z: 0.70407859426
      w: 0.710122055076
  covariance: [0.001, 0.0, 0.0, 0.0, 0.0, 0.0, 0.0, 0.001, 0.0, 0.0, 0.0, 0.0, 0.0, 0.0, 1000000.0, 0.0, 0.0, 0.0, 0.0, 0.0, 0.0, 1000000.0, 0.0, 0.0, 0.0, 0.0, 0.0, 0.0, 1000000.0, 0.0, 0.0, 0.0, 0.0, 0.0, 0.0, 0.03]
twist: 
  twist: 
    linear: 
      x: -9.50932041444e-16
      y: 0.0
      z: 0.0
    angular: 
      x: 0.0
      y: 0.0
      z: 5.31389168779e-16
  covariance: [0.001, 0.0, 0.0, 0.0, 0.0, 0.0, 0.0, 0.001, 0.0, 0.0, 0.0, 0.0, 0.0, 0.0, 0.001, 0.0, 0.0, 0.0, 0.0, 0.0, 0.0, 1000000.0, 0.0, 0.0, 0.0, 0.0, 0.0, 0.0, 1000000.0, 0.0, 0.0, 0.0, 0.0, 0.0, 0.0, 0.03]
---
header: 
  seq: 284110
  stamp: 
    secs: 1524006520
    nsecs: 274642061
  frame_id: odom
child_frame_id: base_link
pose: 
  pose: 
    position: 
      x: 1.51465451282
      y: 5.08249260503
      z: 0.0
    orientation: 
      x: 0.0
      y: 0.0
      z: 0.70407859426
      w: 0.710122055076
  covariance: [0.001, 0.0, 0.0, 0.0, 0.0, 0.0, 0.0, 0.001, 0.0, 0.0, 0.0, 0.0, 0.0, 0.0, 1000000.0, 0.0, 0.0, 0.0, 0.0, 0.0, 0.0, 1000000.0, 0.0, 0.0, 0.0, 0.0, 0.0, 0.0, 1000000.0, 0.0, 0.0, 0.0, 0.0, 0.0, 0.0, 0.03]
twist: 
  twist: 
    linear: 
      x: -9.50932041444e-16
      y: 0.0
      z: 0.0
    angular: 
      x: 0.0
      y: 0.0
      z: 5.31389168779e-16
  covariance: [0.001, 0.0, 0.0, 0.0, 0.0, 0.0, 0.0, 0.001, 0.0, 0.0, 0.0, 0.0, 0.0, 0.0, 0.001, 0.0, 0.0, 0.0, 0.0, 0.0, 0.0, 1000000.0, 0.0, 0.0, 0.0, 0.0, 0.0, 0.0, 1000000.0, 0.0, 0.0, 0.0, 0.0, 0.0, 0.0, 0.03]
---
header: 
  seq: 284111
  stamp: 
    secs: 1524006520
    nsecs: 294616891
  frame_id: odom
child_frame_id: base_link
pose: 
  pose: 
    position: 
      x: 1.51465451282
      y: 5.08249260503
      z: 0.0
    orientation: 
      x: 0.0
      y: 0.0
      z: 0.70407859426
      w: 0.710122055076
  covariance: [0.001, 0.0, 0.0, 0.0, 0.0, 0.0, 0.0, 0.001, 0.0, 0.0, 0.0, 0.0, 0.0, 0.0, 1000000.0, 0.0, 0.0, 0.0, 0.0, 0.0, 0.0, 1000000.0, 0.0, 0.0, 0.0, 0.0, 0.0, 0.0, 1000000.0, 0.0, 0.0, 0.0, 0.0, 0.0, 0.0, 0.03]
twist: 
  twist: 
    linear: 
      x: -9.50932041444e-16
      y: 0.0
      z: 0.0
    angular: 
      x: 0.0
      y: 0.0
      z: 5.31389168779e-16
  covariance: [0.001, 0.0, 0.0, 0.0, 0.0, 0.0, 0.0, 0.001, 0.0, 0.0, 0.0, 0.0, 0.0, 0.0, 0.001, 0.0, 0.0, 0.0, 0.0, 0.0, 0.0, 1000000.0, 0.0, 0.0, 0.0, 0.0, 0.0, 0.0, 1000000.0, 0.0, 0.0, 0.0, 0.0, 0.0, 0.0, 0.03]
---
header: 
  seq: 284112
  stamp: 
    secs: 1524006520
    nsecs: 314618052
  frame_id: odom
child_frame_id: base_link
pose: 
  pose: 
    position: 
      x: 1.51465451282
      y: 5.08249260503
      z: 0.0
    orientation: 
      x: 0.0
      y: 0.0
      z: 0.70407859426
      w: 0.710122055076
  covariance: [0.001, 0.0, 0.0, 0.0, 0.0, 0.0, 0.0, 0.001, 0.0, 0.0, 0.0, 0.0, 0.0, 0.0, 1000000.0, 0.0, 0.0, 0.0, 0.0, 0.0, 0.0, 1000000.0, 0.0, 0.0, 0.0, 0.0, 0.0, 0.0, 1000000.0, 0.0, 0.0, 0.0, 0.0, 0.0, 0.0, 0.03]
twist: 
  twist: 
    linear: 
      x: -9.50932041444e-16
      y: 0.0
      z: 0.0
    angular: 
      x: 0.0
      y: 0.0
      z: 5.31389168779e-16
  covariance: [0.001, 0.0, 0.0, 0.0, 0.0, 0.0, 0.0, 0.001, 0.0, 0.0, 0.0, 0.0, 0.0, 0.0, 0.001, 0.0, 0.0, 0.0, 0.0, 0.0, 0.0, 1000000.0, 0.0, 0.0, 0.0, 0.0, 0.0, 0.0, 1000000.0, 0.0, 0.0, 0.0, 0.0, 0.0, 0.0, 0.03]
---
header: 
  seq: 284113
  stamp: 
    secs: 1524006520
    nsecs: 334662523
  frame_id: odom
child_frame_id: base_link
pose: 
  pose: 
    position: 
      x: 1.51465451282
      y: 5.08249260503
      z: 0.0
    orientation: 
      x: 0.0
      y: 0.0
      z: 0.70407859426
      w: 0.710122055076
  covariance: [0.001, 0.0, 0.0, 0.0, 0.0, 0.0, 0.0, 0.001, 0.0, 0.0, 0.0, 0.0, 0.0, 0.0, 1000000.0, 0.0, 0.0, 0.0, 0.0, 0.0, 0.0, 1000000.0, 0.0, 0.0, 0.0, 0.0, 0.0, 0.0, 1000000.0, 0.0, 0.0, 0.0, 0.0, 0.0, 0.0, 0.03]
twist: 
  twist: 
    linear: 
      x: -9.50932041444e-16
      y: 0.0
      z: 0.0
    angular: 
      x: 0.0
      y: 0.0
      z: 5.31389168779e-16
  covariance: [0.001, 0.0, 0.0, 0.0, 0.0, 0.0, 0.0, 0.001, 0.0, 0.0, 0.0, 0.0, 0.0, 0.0, 0.001, 0.0, 0.0, 0.0, 0.0, 0.0, 0.0, 1000000.0, 0.0, 0.0, 0.0, 0.0, 0.0, 0.0, 1000000.0, 0.0, 0.0, 0.0, 0.0, 0.0, 0.0, 0.03]
---
header: 
  seq: 284114
  stamp: 
    secs: 1524006520
    nsecs: 354637030
  frame_id: odom
child_frame_id: base_link
pose: 
  pose: 
    position: 
      x: 1.51465451282
      y: 5.08249260503
      z: 0.0
    orientation: 
      x: 0.0
      y: 0.0
      z: 0.70407859426
      w: 0.710122055076
  covariance: [0.001, 0.0, 0.0, 0.0, 0.0, 0.0, 0.0, 0.001, 0.0, 0.0, 0.0, 0.0, 0.0, 0.0, 1000000.0, 0.0, 0.0, 0.0, 0.0, 0.0, 0.0, 1000000.0, 0.0, 0.0, 0.0, 0.0, 0.0, 0.0, 1000000.0, 0.0, 0.0, 0.0, 0.0, 0.0, 0.0, 0.03]
twist: 
  twist: 
    linear: 
      x: -9.50932041444e-16
      y: 0.0
      z: 0.0
    angular: 
      x: 0.0
      y: 0.0
      z: 5.31389168779e-16
  covariance: [0.001, 0.0, 0.0, 0.0, 0.0, 0.0, 0.0, 0.001, 0.0, 0.0, 0.0, 0.0, 0.0, 0.0, 0.001, 0.0, 0.0, 0.0, 0.0, 0.0, 0.0, 1000000.0, 0.0, 0.0, 0.0, 0.0, 0.0, 0.0, 1000000.0, 0.0, 0.0, 0.0, 0.0, 0.0, 0.0, 0.03]
---
header: 
  seq: 284115
  stamp: 
    secs: 1524006520
    nsecs: 374590011
  frame_id: odom
child_frame_id: base_link
pose: 
  pose: 
    position: 
      x: 1.51465451282
      y: 5.08249260503
      z: 0.0
    orientation: 
      x: 0.0
      y: 0.0
      z: 0.70407859426
      w: 0.710122055076
  covariance: [0.001, 0.0, 0.0, 0.0, 0.0, 0.0, 0.0, 0.001, 0.0, 0.0, 0.0, 0.0, 0.0, 0.0, 1000000.0, 0.0, 0.0, 0.0, 0.0, 0.0, 0.0, 1000000.0, 0.0, 0.0, 0.0, 0.0, 0.0, 0.0, 1000000.0, 0.0, 0.0, 0.0, 0.0, 0.0, 0.0, 0.03]
twist: 
  twist: 
    linear: 
      x: -9.50932041444e-16
      y: 0.0
      z: 0.0
    angular: 
      x: 0.0
      y: 0.0
      z: 5.31389168779e-16
  covariance: [0.001, 0.0, 0.0, 0.0, 0.0, 0.0, 0.0, 0.001, 0.0, 0.0, 0.0, 0.0, 0.0, 0.0, 0.001, 0.0, 0.0, 0.0, 0.0, 0.0, 0.0, 1000000.0, 0.0, 0.0, 0.0, 0.0, 0.0, 0.0, 1000000.0, 0.0, 0.0, 0.0, 0.0, 0.0, 0.0, 0.03]
---
header: 
  seq: 284116
  stamp: 
    secs: 1524006520
    nsecs: 394627332
  frame_id: odom
child_frame_id: base_link
pose: 
  pose: 
    position: 
      x: 1.51465451282
      y: 5.08249260503
      z: 0.0
    orientation: 
      x: 0.0
      y: 0.0
      z: 0.70407859426
      w: 0.710122055076
  covariance: [0.001, 0.0, 0.0, 0.0, 0.0, 0.0, 0.0, 0.001, 0.0, 0.0, 0.0, 0.0, 0.0, 0.0, 1000000.0, 0.0, 0.0, 0.0, 0.0, 0.0, 0.0, 1000000.0, 0.0, 0.0, 0.0, 0.0, 0.0, 0.0, 1000000.0, 0.0, 0.0, 0.0, 0.0, 0.0, 0.0, 0.03]
twist: 
  twist: 
    linear: 
      x: -9.50932041444e-16
      y: 0.0
      z: 0.0
    angular: 
      x: 0.0
      y: 0.0
      z: 5.31389168779e-16
  covariance: [0.001, 0.0, 0.0, 0.0, 0.0, 0.0, 0.0, 0.001, 0.0, 0.0, 0.0, 0.0, 0.0, 0.0, 0.001, 0.0, 0.0, 0.0, 0.0, 0.0, 0.0, 1000000.0, 0.0, 0.0, 0.0, 0.0, 0.0, 0.0, 1000000.0, 0.0, 0.0, 0.0, 0.0, 0.0, 0.0, 0.03]
---
header: 
  seq: 284117
  stamp: 
    secs: 1524006520
    nsecs: 414630183
  frame_id: odom
child_frame_id: base_link
pose: 
  pose: 
    position: 
      x: 1.51465451282
      y: 5.08249260503
      z: 0.0
    orientation: 
      x: 0.0
      y: 0.0
      z: 0.70407859426
      w: 0.710122055076
  covariance: [0.001, 0.0, 0.0, 0.0, 0.0, 0.0, 0.0, 0.001, 0.0, 0.0, 0.0, 0.0, 0.0, 0.0, 1000000.0, 0.0, 0.0, 0.0, 0.0, 0.0, 0.0, 1000000.0, 0.0, 0.0, 0.0, 0.0, 0.0, 0.0, 1000000.0, 0.0, 0.0, 0.0, 0.0, 0.0, 0.0, 0.03]
twist: 
  twist: 
    linear: 
      x: -9.50932041444e-16
      y: 0.0
      z: 0.0
    angular: 
      x: 0.0
      y: 0.0
      z: 5.31389168779e-16
  covariance: [0.001, 0.0, 0.0, 0.0, 0.0, 0.0, 0.0, 0.001, 0.0, 0.0, 0.0, 0.0, 0.0, 0.0, 0.001, 0.0, 0.0, 0.0, 0.0, 0.0, 0.0, 1000000.0, 0.0, 0.0, 0.0, 0.0, 0.0, 0.0, 1000000.0, 0.0, 0.0, 0.0, 0.0, 0.0, 0.0, 0.03]
---
header: 
  seq: 284118
  stamp: 
    secs: 1524006520
    nsecs: 434641735
  frame_id: odom
child_frame_id: base_link
pose: 
  pose: 
    position: 
      x: 1.51465451282
      y: 5.08249260503
      z: 0.0
    orientation: 
      x: 0.0
      y: 0.0
      z: 0.70407859426
      w: 0.710122055076
  covariance: [0.001, 0.0, 0.0, 0.0, 0.0, 0.0, 0.0, 0.001, 0.0, 0.0, 0.0, 0.0, 0.0, 0.0, 1000000.0, 0.0, 0.0, 0.0, 0.0, 0.0, 0.0, 1000000.0, 0.0, 0.0, 0.0, 0.0, 0.0, 0.0, 1000000.0, 0.0, 0.0, 0.0, 0.0, 0.0, 0.0, 0.03]
twist: 
  twist: 
    linear: 
      x: -9.50932041444e-16
      y: 0.0
      z: 0.0
    angular: 
      x: 0.0
      y: 0.0
      z: 5.31389168779e-16
  covariance: [0.001, 0.0, 0.0, 0.0, 0.0, 0.0, 0.0, 0.001, 0.0, 0.0, 0.0, 0.0, 0.0, 0.0, 0.001, 0.0, 0.0, 0.0, 0.0, 0.0, 0.0, 1000000.0, 0.0, 0.0, 0.0, 0.0, 0.0, 0.0, 1000000.0, 0.0, 0.0, 0.0, 0.0, 0.0, 0.0, 0.03]
---
header: 
  seq: 284119
  stamp: 
    secs: 1524006520
    nsecs: 454620999
  frame_id: odom
child_frame_id: base_link
pose: 
  pose: 
    position: 
      x: 1.51465451282
      y: 5.08249260503
      z: 0.0
    orientation: 
      x: 0.0
      y: 0.0
      z: 0.70407859426
      w: 0.710122055076
  covariance: [0.001, 0.0, 0.0, 0.0, 0.0, 0.0, 0.0, 0.001, 0.0, 0.0, 0.0, 0.0, 0.0, 0.0, 1000000.0, 0.0, 0.0, 0.0, 0.0, 0.0, 0.0, 1000000.0, 0.0, 0.0, 0.0, 0.0, 0.0, 0.0, 1000000.0, 0.0, 0.0, 0.0, 0.0, 0.0, 0.0, 0.03]
twist: 
  twist: 
    linear: 
      x: -9.50932041444e-16
      y: 0.0
      z: 0.0
    angular: 
      x: 0.0
      y: 0.0
      z: 5.31389168779e-16
  covariance: [0.001, 0.0, 0.0, 0.0, 0.0, 0.0, 0.0, 0.001, 0.0, 0.0, 0.0, 0.0, 0.0, 0.0, 0.001, 0.0, 0.0, 0.0, 0.0, 0.0, 0.0, 1000000.0, 0.0, 0.0, 0.0, 0.0, 0.0, 0.0, 1000000.0, 0.0, 0.0, 0.0, 0.0, 0.0, 0.0, 0.03]
---
header: 
  seq: 284120
  stamp: 
    secs: 1524006520
    nsecs: 474627374
  frame_id: odom
child_frame_id: base_link
pose: 
  pose: 
    position: 
      x: 1.51465451282
      y: 5.08249260503
      z: 0.0
    orientation: 
      x: 0.0
      y: 0.0
      z: 0.70407859426
      w: 0.710122055076
  covariance: [0.001, 0.0, 0.0, 0.0, 0.0, 0.0, 0.0, 0.001, 0.0, 0.0, 0.0, 0.0, 0.0, 0.0, 1000000.0, 0.0, 0.0, 0.0, 0.0, 0.0, 0.0, 1000000.0, 0.0, 0.0, 0.0, 0.0, 0.0, 0.0, 1000000.0, 0.0, 0.0, 0.0, 0.0, 0.0, 0.0, 0.03]
twist: 
  twist: 
    linear: 
      x: -9.50932041444e-16
      y: 0.0
      z: 0.0
    angular: 
      x: 0.0
      y: 0.0
      z: 5.31389168779e-16
  covariance: [0.001, 0.0, 0.0, 0.0, 0.0, 0.0, 0.0, 0.001, 0.0, 0.0, 0.0, 0.0, 0.0, 0.0, 0.001, 0.0, 0.0, 0.0, 0.0, 0.0, 0.0, 1000000.0, 0.0, 0.0, 0.0, 0.0, 0.0, 0.0, 1000000.0, 0.0, 0.0, 0.0, 0.0, 0.0, 0.0, 0.03]
---
header: 
  seq: 284121
  stamp: 
    secs: 1524006520
    nsecs: 494642536
  frame_id: odom
child_frame_id: base_link
pose: 
  pose: 
    position: 
      x: 1.51465451282
      y: 5.08249260503
      z: 0.0
    orientation: 
      x: 0.0
      y: 0.0
      z: 0.70407859426
      w: 0.710122055076
  covariance: [0.001, 0.0, 0.0, 0.0, 0.0, 0.0, 0.0, 0.001, 0.0, 0.0, 0.0, 0.0, 0.0, 0.0, 1000000.0, 0.0, 0.0, 0.0, 0.0, 0.0, 0.0, 1000000.0, 0.0, 0.0, 0.0, 0.0, 0.0, 0.0, 1000000.0, 0.0, 0.0, 0.0, 0.0, 0.0, 0.0, 0.03]
twist: 
  twist: 
    linear: 
      x: -9.50932041444e-16
      y: 0.0
      z: 0.0
    angular: 
      x: 0.0
      y: 0.0
      z: 5.31389168779e-16
  covariance: [0.001, 0.0, 0.0, 0.0, 0.0, 0.0, 0.0, 0.001, 0.0, 0.0, 0.0, 0.0, 0.0, 0.0, 0.001, 0.0, 0.0, 0.0, 0.0, 0.0, 0.0, 1000000.0, 0.0, 0.0, 0.0, 0.0, 0.0, 0.0, 1000000.0, 0.0, 0.0, 0.0, 0.0, 0.0, 0.0, 0.03]
---
header: 
  seq: 284122
  stamp: 
    secs: 1524006520
    nsecs: 514616347
  frame_id: odom
child_frame_id: base_link
pose: 
  pose: 
    position: 
      x: 1.51465451282
      y: 5.08249260503
      z: 0.0
    orientation: 
      x: 0.0
      y: 0.0
      z: 0.70407859426
      w: 0.710122055076
  covariance: [0.001, 0.0, 0.0, 0.0, 0.0, 0.0, 0.0, 0.001, 0.0, 0.0, 0.0, 0.0, 0.0, 0.0, 1000000.0, 0.0, 0.0, 0.0, 0.0, 0.0, 0.0, 1000000.0, 0.0, 0.0, 0.0, 0.0, 0.0, 0.0, 1000000.0, 0.0, 0.0, 0.0, 0.0, 0.0, 0.0, 0.03]
twist: 
  twist: 
    linear: 
      x: -9.50932041444e-16
      y: 0.0
      z: 0.0
    angular: 
      x: 0.0
      y: 0.0
      z: 5.31389168779e-16
  covariance: [0.001, 0.0, 0.0, 0.0, 0.0, 0.0, 0.0, 0.001, 0.0, 0.0, 0.0, 0.0, 0.0, 0.0, 0.001, 0.0, 0.0, 0.0, 0.0, 0.0, 0.0, 1000000.0, 0.0, 0.0, 0.0, 0.0, 0.0, 0.0, 1000000.0, 0.0, 0.0, 0.0, 0.0, 0.0, 0.0, 0.03]
---
header: 
  seq: 284123
  stamp: 
    secs: 1524006520
    nsecs: 534607016
  frame_id: odom
child_frame_id: base_link
pose: 
  pose: 
    position: 
      x: 1.51465451282
      y: 5.08249260503
      z: 0.0
    orientation: 
      x: 0.0
      y: 0.0
      z: 0.70407859426
      w: 0.710122055076
  covariance: [0.001, 0.0, 0.0, 0.0, 0.0, 0.0, 0.0, 0.001, 0.0, 0.0, 0.0, 0.0, 0.0, 0.0, 1000000.0, 0.0, 0.0, 0.0, 0.0, 0.0, 0.0, 1000000.0, 0.0, 0.0, 0.0, 0.0, 0.0, 0.0, 1000000.0, 0.0, 0.0, 0.0, 0.0, 0.0, 0.0, 0.03]
twist: 
  twist: 
    linear: 
      x: -9.50932041444e-16
      y: 0.0
      z: 0.0
    angular: 
      x: 0.0
      y: 0.0
      z: 5.31389168779e-16
  covariance: [0.001, 0.0, 0.0, 0.0, 0.0, 0.0, 0.0, 0.001, 0.0, 0.0, 0.0, 0.0, 0.0, 0.0, 0.001, 0.0, 0.0, 0.0, 0.0, 0.0, 0.0, 1000000.0, 0.0, 0.0, 0.0, 0.0, 0.0, 0.0, 1000000.0, 0.0, 0.0, 0.0, 0.0, 0.0, 0.0, 0.03]
---
header: 
  seq: 284124
  stamp: 
    secs: 1524006520
    nsecs: 554649048
  frame_id: odom
child_frame_id: base_link
pose: 
  pose: 
    position: 
      x: 1.51465451282
      y: 5.08249260503
      z: 0.0
    orientation: 
      x: 0.0
      y: 0.0
      z: 0.70407859426
      w: 0.710122055076
  covariance: [0.001, 0.0, 0.0, 0.0, 0.0, 0.0, 0.0, 0.001, 0.0, 0.0, 0.0, 0.0, 0.0, 0.0, 1000000.0, 0.0, 0.0, 0.0, 0.0, 0.0, 0.0, 1000000.0, 0.0, 0.0, 0.0, 0.0, 0.0, 0.0, 1000000.0, 0.0, 0.0, 0.0, 0.0, 0.0, 0.0, 0.03]
twist: 
  twist: 
    linear: 
      x: -9.50932041444e-16
      y: 0.0
      z: 0.0
    angular: 
      x: 0.0
      y: 0.0
      z: 5.31389168779e-16
  covariance: [0.001, 0.0, 0.0, 0.0, 0.0, 0.0, 0.0, 0.001, 0.0, 0.0, 0.0, 0.0, 0.0, 0.0, 0.001, 0.0, 0.0, 0.0, 0.0, 0.0, 0.0, 1000000.0, 0.0, 0.0, 0.0, 0.0, 0.0, 0.0, 1000000.0, 0.0, 0.0, 0.0, 0.0, 0.0, 0.0, 0.03]
---
header: 
  seq: 284125
  stamp: 
    secs: 1524006520
    nsecs: 574615946
  frame_id: odom
child_frame_id: base_link
pose: 
  pose: 
    position: 
      x: 1.51465451282
      y: 5.08249260503
      z: 0.0
    orientation: 
      x: 0.0
      y: 0.0
      z: 0.70407859426
      w: 0.710122055076
  covariance: [0.001, 0.0, 0.0, 0.0, 0.0, 0.0, 0.0, 0.001, 0.0, 0.0, 0.0, 0.0, 0.0, 0.0, 1000000.0, 0.0, 0.0, 0.0, 0.0, 0.0, 0.0, 1000000.0, 0.0, 0.0, 0.0, 0.0, 0.0, 0.0, 1000000.0, 0.0, 0.0, 0.0, 0.0, 0.0, 0.0, 0.03]
twist: 
  twist: 
    linear: 
      x: -9.50932041444e-16
      y: 0.0
      z: 0.0
    angular: 
      x: 0.0
      y: 0.0
      z: 5.31389168779e-16
  covariance: [0.001, 0.0, 0.0, 0.0, 0.0, 0.0, 0.0, 0.001, 0.0, 0.0, 0.0, 0.0, 0.0, 0.0, 0.001, 0.0, 0.0, 0.0, 0.0, 0.0, 0.0, 1000000.0, 0.0, 0.0, 0.0, 0.0, 0.0, 0.0, 1000000.0, 0.0, 0.0, 0.0, 0.0, 0.0, 0.0, 0.03]
---
header: 
  seq: 284126
  stamp: 
    secs: 1524006520
    nsecs: 594643730
  frame_id: odom
child_frame_id: base_link
pose: 
  pose: 
    position: 
      x: 1.51465451282
      y: 5.08249260503
      z: 0.0
    orientation: 
      x: 0.0
      y: 0.0
      z: 0.70407859426
      w: 0.710122055076
  covariance: [0.001, 0.0, 0.0, 0.0, 0.0, 0.0, 0.0, 0.001, 0.0, 0.0, 0.0, 0.0, 0.0, 0.0, 1000000.0, 0.0, 0.0, 0.0, 0.0, 0.0, 0.0, 1000000.0, 0.0, 0.0, 0.0, 0.0, 0.0, 0.0, 1000000.0, 0.0, 0.0, 0.0, 0.0, 0.0, 0.0, 0.03]
twist: 
  twist: 
    linear: 
      x: -9.50932041444e-16
      y: 0.0
      z: 0.0
    angular: 
      x: 0.0
      y: 0.0
      z: 5.31389168779e-16
  covariance: [0.001, 0.0, 0.0, 0.0, 0.0, 0.0, 0.0, 0.001, 0.0, 0.0, 0.0, 0.0, 0.0, 0.0, 0.001, 0.0, 0.0, 0.0, 0.0, 0.0, 0.0, 1000000.0, 0.0, 0.0, 0.0, 0.0, 0.0, 0.0, 1000000.0, 0.0, 0.0, 0.0, 0.0, 0.0, 0.0, 0.03]
---
^Cheader: 
  seq: 284127
  stamp: 
    secs: 1524006520
    nsecs: 614647873
  frame_id: odom
child_frame_id: base_link
pose: 
  pose: 
    position: 
      x: 1.51465451282
      y: 5.08249260503
      z: 0.0
    orientation: 
      x: 0.0
      y: 0.0
      z: 0.70407859426
      w: 0.710122055076
  covariance: [0.001, 0.0, 0.0, 0.0, 0.0, 0.0, 0.0, 0.001, 0.0, 0.0, 0.0, 0.0, 0.0, 0.0, 1000000.0, 0.0, 0.0, 0.0, 0.0, 0.0, 0.0, 1000000.0, 0.0, 0.0, 0.0, 0.0, 0.0, 0.0, 1000000.0, 0.0, 0.0, 0.0, 0.0, 0.0, 0.0, 0.03]
twist: 
  twist: 
    linear: 
      x: -9.50932041444e-16
      y: 0.0
      z: 0.0
    angular: 
      x: 0.0
      y: 0.0
      z: 5.31389168779e-16
  covariance: [0.001, 0.0, 0.0, 0.0, 0.0, 0.0, 0.0, 0.001, 0.0, 0.0, 0.0, 0.0, 0.0, 0.0, 0.001, 0.0, 0.0, 0.0, 0.0, 0.0, 0.0, 1000000.0, 0.0, 0.0, 0.0, 0.0, 0.0, 0.0, 1000000.0, 0.0, 0.0, 0.0, 0.0, 0.0, 0.0, 0.03]
---
administrator@CPR-J100-0155:~$ rostopic echo /jackal_velocity_controller/odom


90 dgree


      z: 0.0
    angular: 
      x: 0.0
      y: 0.0
      z: 6.00615477492e-16
  covariance: [0.001, 0.0, 0.0, 0.0, 0.0, 0.0, 0.0, 0.001, 0.0, 0.0, 0.0, 0.0, 0.0, 0.0, 0.001, 0.0, 0.0, 0.0, 0.0, 0.0, 0.0, 1000000.0, 0.0, 0.0, 0.0, 0.0, 0.0, 0.0, 1000000.0, 0.0, 0.0, 0.0, 0.0, 0.0, 0.0, 0.03]
---
header: 
  seq: 292637
  stamp: 
    secs: 1524006690
    nsecs: 874613010
  frame_id: odom
child_frame_id: base_link
pose: 
  pose: 
    position: 
      x: 1.56440062809
      y: 5.44845376072
      z: 0.0
    orientation: 
      x: 0.0
      y: 0.0
      z: -0.0114194966353
      w: 0.999934795422
  covariance: [0.001, 0.0, 0.0, 0.0, 0.0, 0.0, 0.0, 0.001, 0.0, 0.0, 0.0, 0.0, 0.0, 0.0, 1000000.0, 0.0, 0.0, 0.0, 0.0, 0.0, 0.0, 1000000.0, 0.0, 0.0, 0.0, 0.0, 0.0, 0.0, 1000000.0, 0.0, 0.0, 0.0, 0.0, 0.0, 0.0, 0.03]
twist: 
  twist: 
    linear: 
      x: -8.29428214479e-16
      y: 0.0
      z: 0.0
    angular: 
      x: 0.0
      y: 0.0
      z: 6.00615477492e-16
  covariance: [0.001, 0.0, 0.0, 0.0, 0.0, 0.0, 0.0, 0.001, 0.0, 0.0, 0.0, 0.0, 0.0, 0.0, 0.001, 0.0, 0.0, 0.0, 0.0, 0.0, 0.0, 1000000.0, 0.0, 0.0, 0.0, 0.0, 0.0, 0.0, 1000000.0, 0.0, 0.0, 0.0, 0.0, 0.0, 0.0, 0.03]
---
header: 
  seq: 292638
  stamp: 
    secs: 1524006690
    nsecs: 894599491
  frame_id: odom
child_frame_id: base_link
pose: 
  pose: 
    position: 
      x: 1.56440062809
      y: 5.44845376072
      z: 0.0
    orientation: 
      x: 0.0
      y: 0.0
      z: -0.0114194966353
      w: 0.999934795422
  covariance: [0.001, 0.0, 0.0, 0.0, 0.0, 0.0, 0.0, 0.001, 0.0, 0.0, 0.0, 0.0, 0.0, 0.0, 1000000.0, 0.0, 0.0, 0.0, 0.0, 0.0, 0.0, 1000000.0, 0.0, 0.0, 0.0, 0.0, 0.0, 0.0, 1000000.0, 0.0, 0.0, 0.0, 0.0, 0.0, 0.0, 0.03]
twist: 
  twist: 
    linear: 
      x: -8.29428214479e-16
      y: 0.0
      z: 0.0
    angular: 
      x: 0.0
      y: 0.0
      z: 6.00615477492e-16
  covariance: [0.001, 0.0, 0.0, 0.0, 0.0, 0.0, 0.0, 0.001, 0.0, 0.0, 0.0, 0.0, 0.0, 0.0, 0.001, 0.0, 0.0, 0.0, 0.0, 0.0, 0.0, 1000000.0, 0.0, 0.0, 0.0, 0.0, 0.0, 0.0, 1000000.0, 0.0, 0.0, 0.0, 0.0, 0.0, 0.0, 0.03]
---
header: 
  seq: 292639
  stamp: 
    secs: 1524006690
    nsecs: 914615603
  frame_id: odom
child_frame_id: base_link
pose: 
  pose: 
    position: 
      x: 1.56440062809
      y: 5.44845376072
      z: 0.0
    orientation: 
      x: 0.0
      y: 0.0
      z: -0.0114194966353
      w: 0.999934795422
  covariance: [0.001, 0.0, 0.0, 0.0, 0.0, 0.0, 0.0, 0.001, 0.0, 0.0, 0.0, 0.0, 0.0, 0.0, 1000000.0, 0.0, 0.0, 0.0, 0.0, 0.0, 0.0, 1000000.0, 0.0, 0.0, 0.0, 0.0, 0.0, 0.0, 1000000.0, 0.0, 0.0, 0.0, 0.0, 0.0, 0.0, 0.03]
twist: 
  twist: 
    linear: 
      x: -8.29428214479e-16
      y: 0.0
      z: 0.0
    angular: 
      x: 0.0
      y: 0.0
      z: 6.00615477492e-16
  covariance: [0.001, 0.0, 0.0, 0.0, 0.0, 0.0, 0.0, 0.001, 0.0, 0.0, 0.0, 0.0, 0.0, 0.0, 0.001, 0.0, 0.0, 0.0, 0.0, 0.0, 0.0, 1000000.0, 0.0, 0.0, 0.0, 0.0, 0.0, 0.0, 1000000.0, 0.0, 0.0, 0.0, 0.0, 0.0, 0.0, 0.03]
---
header: 
  seq: 292640
  stamp: 
    secs: 1524006690
    nsecs: 934626812
  frame_id: odom
child_frame_id: base_link
pose: 
  pose: 
    position: 
      x: 1.56440062809
      y: 5.44845376072
      z: 0.0
    orientation: 
      x: 0.0
      y: 0.0
      z: -0.0114194966353
      w: 0.999934795422
  covariance: [0.001, 0.0, 0.0, 0.0, 0.0, 0.0, 0.0, 0.001, 0.0, 0.0, 0.0, 0.0, 0.0, 0.0, 1000000.0, 0.0, 0.0, 0.0, 0.0, 0.0, 0.0, 1000000.0, 0.0, 0.0, 0.0, 0.0, 0.0, 0.0, 1000000.0, 0.0, 0.0, 0.0, 0.0, 0.0, 0.0, 0.03]
twist: 
  twist: 
    linear: 
      x: -8.29428214479e-16
      y: 0.0
      z: 0.0
    angular: 
      x: 0.0
      y: 0.0
      z: 6.00615477492e-16
  covariance: [0.001, 0.0, 0.0, 0.0, 0.0, 0.0, 0.0, 0.001, 0.0, 0.0, 0.0, 0.0, 0.0, 0.0, 0.001, 0.0, 0.0, 0.0, 0.0, 0.0, 0.0, 1000000.0, 0.0, 0.0, 0.0, 0.0, 0.0, 0.0, 1000000.0, 0.0, 0.0, 0.0, 0.0, 0.0, 0.0, 0.03]
---
header: 
  seq: 292641
  stamp: 
    secs: 1524006690
    nsecs: 954617089
  frame_id: odom
child_frame_id: base_link
pose: 
  pose: 
    position: 
      x: 1.56440062809
      y: 5.44845376072
      z: 0.0
    orientation: 
      x: 0.0
      y: 0.0
      z: -0.0114194966353
      w: 0.999934795422
  covariance: [0.001, 0.0, 0.0, 0.0, 0.0, 0.0, 0.0, 0.001, 0.0, 0.0, 0.0, 0.0, 0.0, 0.0, 1000000.0, 0.0, 0.0, 0.0, 0.0, 0.0, 0.0, 1000000.0, 0.0, 0.0, 0.0, 0.0, 0.0, 0.0, 1000000.0, 0.0, 0.0, 0.0, 0.0, 0.0, 0.0, 0.03]
twist: 
  twist: 
    linear: 
      x: -8.29428214479e-16
      y: 0.0
      z: 0.0
    angular: 
      x: 0.0
      y: 0.0
      z: 6.00615477492e-16
  covariance: [0.001, 0.0, 0.0, 0.0, 0.0, 0.0, 0.0, 0.001, 0.0, 0.0, 0.0, 0.0, 0.0, 0.0, 0.001, 0.0, 0.0, 0.0, 0.0, 0.0, 0.0, 1000000.0, 0.0, 0.0, 0.0, 0.0, 0.0, 0.0, 1000000.0, 0.0, 0.0, 0.0, 0.0, 0.0, 0.0, 0.03]
---
header: 
  seq: 292642
  stamp: 
    secs: 1524006690
    nsecs: 974617519
  frame_id: odom
child_frame_id: base_link
pose: 
  pose: 
    position: 
      x: 1.56440062809
      y: 5.44845376072
      z: 0.0
    orientation: 
      x: 0.0
      y: 0.0
      z: -0.0114194966353
      w: 0.999934795422
  covariance: [0.001, 0.0, 0.0, 0.0, 0.0, 0.0, 0.0, 0.001, 0.0, 0.0, 0.0, 0.0, 0.0, 0.0, 1000000.0, 0.0, 0.0, 0.0, 0.0, 0.0, 0.0, 1000000.0, 0.0, 0.0, 0.0, 0.0, 0.0, 0.0, 1000000.0, 0.0, 0.0, 0.0, 0.0, 0.0, 0.0, 0.03]
twist: 
  twist: 
    linear: 
      x: -8.29428214479e-16
      y: 0.0
      z: 0.0
    angular: 
      x: 0.0
      y: 0.0
      z: 6.00615477492e-16
  covariance: [0.001, 0.0, 0.0, 0.0, 0.0, 0.0, 0.0, 0.001, 0.0, 0.0, 0.0, 0.0, 0.0, 0.0, 0.001, 0.0, 0.0, 0.0, 0.0, 0.0, 0.0, 1000000.0, 0.0, 0.0, 0.0, 0.0, 0.0, 0.0, 1000000.0, 0.0, 0.0, 0.0, 0.0, 0.0, 0.0, 0.03]
---
header: 
  seq: 292643
  stamp: 
    secs: 1524006690
    nsecs: 994591154
  frame_id: odom
child_frame_id: base_link
pose: 
  pose: 
    position: 
      x: 1.56440062809
      y: 5.44845376072
      z: 0.0
    orientation: 
      x: 0.0
      y: 0.0
      z: -0.0114194966353
      w: 0.999934795422
  covariance: [0.001, 0.0, 0.0, 0.0, 0.0, 0.0, 0.0, 0.001, 0.0, 0.0, 0.0, 0.0, 0.0, 0.0, 1000000.0, 0.0, 0.0, 0.0, 0.0, 0.0, 0.0, 1000000.0, 0.0, 0.0, 0.0, 0.0, 0.0, 0.0, 1000000.0, 0.0, 0.0, 0.0, 0.0, 0.0, 0.0, 0.03]
twist: 
  twist: 
    linear: 
      x: -8.29428214479e-16
      y: 0.0
      z: 0.0
    angular: 
      x: 0.0
      y: 0.0
      z: 6.00615477492e-16
  covariance: [0.001, 0.0, 0.0, 0.0, 0.0, 0.0, 0.0, 0.001, 0.0, 0.0, 0.0, 0.0, 0.0, 0.0, 0.001, 0.0, 0.0, 0.0, 0.0, 0.0, 0.0, 1000000.0, 0.0, 0.0, 0.0, 0.0, 0.0, 0.0, 1000000.0, 0.0, 0.0, 0.0, 0.0, 0.0, 0.0, 0.03]
---
header: 
  seq: 292644
  stamp: 
    secs: 1524006691
    nsecs:  14616144
  frame_id: odom
child_frame_id: base_link
pose: 
  pose: 
    position: 
      x: 1.56440062809
      y: 5.44845376072
      z: 0.0
    orientation: 
      x: 0.0
      y: 0.0
      z: -0.0114194966353
      w: 0.999934795422
  covariance: [0.001, 0.0, 0.0, 0.0, 0.0, 0.0, 0.0, 0.001, 0.0, 0.0, 0.0, 0.0, 0.0, 0.0, 1000000.0, 0.0, 0.0, 0.0, 0.0, 0.0, 0.0, 1000000.0, 0.0, 0.0, 0.0, 0.0, 0.0, 0.0, 1000000.0, 0.0, 0.0, 0.0, 0.0, 0.0, 0.0, 0.03]
twist: 
  twist: 
    linear: 
      x: -8.29428214479e-16
      y: 0.0
      z: 0.0
    angular: 
      x: 0.0
      y: 0.0
      z: 6.00615477492e-16
  covariance: [0.001, 0.0, 0.0, 0.0, 0.0, 0.0, 0.0, 0.001, 0.0, 0.0, 0.0, 0.0, 0.0, 0.0, 0.001, 0.0, 0.0, 0.0, 0.0, 0.0, 0.0, 1000000.0, 0.0, 0.0, 0.0, 0.0, 0.0, 0.0, 1000000.0, 0.0, 0.0, 0.0, 0.0, 0.0, 0.0, 0.03]
---
header: 
  seq: 292645
  stamp: 
    secs: 1524006691
    nsecs:  34626858
  frame_id: odom
child_frame_id: base_link
pose: 
  pose: 
    position: 
      x: 1.56440062809
      y: 5.44845376072
      z: 0.0
    orientation: 
      x: 0.0
      y: 0.0
      z: -0.0114194966353
      w: 0.999934795422
  covariance: [0.001, 0.0, 0.0, 0.0, 0.0, 0.0, 0.0, 0.001, 0.0, 0.0, 0.0, 0.0, 0.0, 0.0, 1000000.0, 0.0, 0.0, 0.0, 0.0, 0.0, 0.0, 1000000.0, 0.0, 0.0, 0.0, 0.0, 0.0, 0.0, 1000000.0, 0.0, 0.0, 0.0, 0.0, 0.0, 0.0, 0.03]
twist: 
  twist: 
    linear: 
      x: -8.29428214479e-16
      y: 0.0
      z: 0.0
    angular: 
      x: 0.0
      y: 0.0
      z: 6.00615477492e-16
  covariance: [0.001, 0.0, 0.0, 0.0, 0.0, 0.0, 0.0, 0.001, 0.0, 0.0, 0.0, 0.0, 0.0, 0.0, 0.001, 0.0, 0.0, 0.0, 0.0, 0.0, 0.0, 1000000.0, 0.0, 0.0, 0.0, 0.0, 0.0, 0.0, 1000000.0, 0.0, 0.0, 0.0, 0.0, 0.0, 0.0, 0.03]
---
header: 
  seq: 292646
  stamp: 
    secs: 1524006691
    nsecs:  54615644
  frame_id: odom
child_frame_id: base_link
pose: 
  pose: 
    position: 
      x: 1.56440062809
      y: 5.44845376072
      z: 0.0
    orientation: 
      x: 0.0
      y: 0.0
      z: -0.0114194966353
      w: 0.999934795422
  covariance: [0.001, 0.0, 0.0, 0.0, 0.0, 0.0, 0.0, 0.001, 0.0, 0.0, 0.0, 0.0, 0.0, 0.0, 1000000.0, 0.0, 0.0, 0.0, 0.0, 0.0, 0.0, 1000000.0, 0.0, 0.0, 0.0, 0.0, 0.0, 0.0, 1000000.0, 0.0, 0.0, 0.0, 0.0, 0.0, 0.0, 0.03]
twist: 
  twist: 
    linear: 
      x: -8.29428214479e-16
      y: 0.0
      z: 0.0
    angular: 
      x: 0.0
      y: 0.0
      z: 6.00615477492e-16
  covariance: [0.001, 0.0, 0.0, 0.0, 0.0, 0.0, 0.0, 0.001, 0.0, 0.0, 0.0, 0.0, 0.0, 0.0, 0.001, 0.0, 0.0, 0.0, 0.0, 0.0, 0.0, 1000000.0, 0.0, 0.0, 0.0, 0.0, 0.0, 0.0, 1000000.0, 0.0, 0.0, 0.0, 0.0, 0.0, 0.0, 0.03]
---
header: 
  seq: 292647
  stamp: 
    secs: 1524006691
    nsecs:  74624146
  frame_id: odom
child_frame_id: base_link
pose: 
  pose: 
    position: 
      x: 1.56440062809
      y: 5.44845376072
      z: 0.0
    orientation: 
      x: 0.0
      y: 0.0
      z: -0.0114194966353
      w: 0.999934795422
  covariance: [0.001, 0.0, 0.0, 0.0, 0.0, 0.0, 0.0, 0.001, 0.0, 0.0, 0.0, 0.0, 0.0, 0.0, 1000000.0, 0.0, 0.0, 0.0, 0.0, 0.0, 0.0, 1000000.0, 0.0, 0.0, 0.0, 0.0, 0.0, 0.0, 1000000.0, 0.0, 0.0, 0.0, 0.0, 0.0, 0.0, 0.03]
twist: 
  twist: 
    linear: 
      x: -8.29428214479e-16
      y: 0.0
      z: 0.0
    angular: 
      x: 0.0
      y: 0.0
      z: 6.00615477492e-16
  covariance: [0.001, 0.0, 0.0, 0.0, 0.0, 0.0, 0.0, 0.001, 0.0, 0.0, 0.0, 0.0, 0.0, 0.0, 0.001, 0.0, 0.0, 0.0, 0.0, 0.0, 0.0, 1000000.0, 0.0, 0.0, 0.0, 0.0, 0.0, 0.0, 1000000.0, 0.0, 0.0, 0.0, 0.0, 0.0, 0.0, 0.03]
---
header: 
  seq: 292648
  stamp: 
    secs: 1524006691
    nsecs:  94616450
  frame_id: odom
child_frame_id: base_link
pose: 
  pose: 
    position: 
      x: 1.56440062809
      y: 5.44845376072
      z: 0.0
    orientation: 
      x: 0.0
      y: 0.0
      z: -0.0114194966353
      w: 0.999934795422
  covariance: [0.001, 0.0, 0.0, 0.0, 0.0, 0.0, 0.0, 0.001, 0.0, 0.0, 0.0, 0.0, 0.0, 0.0, 1000000.0, 0.0, 0.0, 0.0, 0.0, 0.0, 0.0, 1000000.0, 0.0, 0.0, 0.0, 0.0, 0.0, 0.0, 1000000.0, 0.0, 0.0, 0.0, 0.0, 0.0, 0.0, 0.03]
twist: 
  twist: 
    linear: 
      x: -8.29428214479e-16
      y: 0.0
      z: 0.0
    angular: 
      x: 0.0
      y: 0.0
      z: 6.00615477492e-16
  covariance: [0.001, 0.0, 0.0, 0.0, 0.0, 0.0, 0.0, 0.001, 0.0, 0.0, 0.0, 0.0, 0.0, 0.0, 0.001, 0.0, 0.0, 0.0, 0.0, 0.0, 0.0, 1000000.0, 0.0, 0.0, 0.0, 0.0, 0.0, 0.0, 1000000.0, 0.0, 0.0, 0.0, 0.0, 0.0, 0.0, 0.03]
---
header: 
  seq: 292649
  stamp: 
    secs: 1524006691
    nsecs: 114616768
  frame_id: odom
child_frame_id: base_link
pose: 
  pose: 
    position: 
      x: 1.56440062809
      y: 5.44845376072
      z: 0.0
    orientation: 
      x: 0.0
      y: 0.0
      z: -0.0114194966353
      w: 0.999934795422
  covariance: [0.001, 0.0, 0.0, 0.0, 0.0, 0.0, 0.0, 0.001, 0.0, 0.0, 0.0, 0.0, 0.0, 0.0, 1000000.0, 0.0, 0.0, 0.0, 0.0, 0.0, 0.0, 1000000.0, 0.0, 0.0, 0.0, 0.0, 0.0, 0.0, 1000000.0, 0.0, 0.0, 0.0, 0.0, 0.0, 0.0, 0.03]
twist: 
  twist: 
    linear: 
      x: -8.29428214479e-16
      y: 0.0
      z: 0.0
    angular: 
      x: 0.0
      y: 0.0
      z: 6.00615477492e-16
  covariance: [0.001, 0.0, 0.0, 0.0, 0.0, 0.0, 0.0, 0.001, 0.0, 0.0, 0.0, 0.0, 0.0, 0.0, 0.001, 0.0, 0.0, 0.0, 0.0, 0.0, 0.0, 1000000.0, 0.0, 0.0, 0.0, 0.0, 0.0, 0.0, 1000000.0, 0.0, 0.0, 0.0, 0.0, 0.0, 0.0, 0.03]
---
header: 
  seq: 292650
  stamp: 
    secs: 1524006691
    nsecs: 134626601
  frame_id: odom
child_frame_id: base_link
pose: 
  pose: 
    position: 
      x: 1.56440062809
      y: 5.44845376072
      z: 0.0
    orientation: 
      x: 0.0
      y: 0.0
      z: -0.0114194966353
      w: 0.999934795422
  covariance: [0.001, 0.0, 0.0, 0.0, 0.0, 0.0, 0.0, 0.001, 0.0, 0.0, 0.0, 0.0, 0.0, 0.0, 1000000.0, 0.0, 0.0, 0.0, 0.0, 0.0, 0.0, 1000000.0, 0.0, 0.0, 0.0, 0.0, 0.0, 0.0, 1000000.0, 0.0, 0.0, 0.0, 0.0, 0.0, 0.0, 0.03]
twist: 
  twist: 
    linear: 
      x: -8.29428214479e-16
      y: 0.0
      z: 0.0
    angular: 
      x: 0.0
      y: 0.0
      z: 6.00615477492e-16
  covariance: [0.001, 0.0, 0.0, 0.0, 0.0, 0.0, 0.0, 0.001, 0.0, 0.0, 0.0, 0.0, 0.0, 0.0, 0.001, 0.0, 0.0, 0.0, 0.0, 0.0, 0.0, 1000000.0, 0.0, 0.0, 0.0, 0.0, 0.0, 0.0, 1000000.0, 0.0, 0.0, 0.0, 0.0, 0.0, 0.0, 0.03]
---
header: 
  seq: 292651
  stamp: 
    secs: 1524006691
    nsecs: 154617160
  frame_id: odom
child_frame_id: base_link
pose: 
  pose: 
    position: 
      x: 1.56440062809
      y: 5.44845376072
      z: 0.0
    orientation: 
      x: 0.0
      y: 0.0
      z: -0.0114194966353
      w: 0.999934795422
  covariance: [0.001, 0.0, 0.0, 0.0, 0.0, 0.0, 0.0, 0.001, 0.0, 0.0, 0.0, 0.0, 0.0, 0.0, 1000000.0, 0.0, 0.0, 0.0, 0.0, 0.0, 0.0, 1000000.0, 0.0, 0.0, 0.0, 0.0, 0.0, 0.0, 1000000.0, 0.0, 0.0, 0.0, 0.0, 0.0, 0.0, 0.03]
twist: 
  twist: 
    linear: 
      x: -8.29428214479e-16
      y: 0.0
      z: 0.0
    angular: 
      x: 0.0
      y: 0.0
      z: 6.00615477492e-16
  covariance: [0.001, 0.0, 0.0, 0.0, 0.0, 0.0, 0.0, 0.001, 0.0, 0.0, 0.0, 0.0, 0.0, 0.0, 0.001, 0.0, 0.0, 0.0, 0.0, 0.0, 0.0, 1000000.0, 0.0, 0.0, 0.0, 0.0, 0.0, 0.0, 1000000.0, 0.0, 0.0, 0.0, 0.0, 0.0, 0.0, 0.03]
---
header: 
  seq: 292652
  stamp: 
    secs: 1524006691
    nsecs: 174641958
  frame_id: odom
child_frame_id: base_link
pose: 
  pose: 
    position: 
      x: 1.56440062809
      y: 5.44845376072
      z: 0.0
    orientation: 
      x: 0.0
      y: 0.0
      z: -0.0114194966353
      w: 0.999934795422
  covariance: [0.001, 0.0, 0.0, 0.0, 0.0, 0.0, 0.0, 0.001, 0.0, 0.0, 0.0, 0.0, 0.0, 0.0, 1000000.0, 0.0, 0.0, 0.0, 0.0, 0.0, 0.0, 1000000.0, 0.0, 0.0, 0.0, 0.0, 0.0, 0.0, 1000000.0, 0.0, 0.0, 0.0, 0.0, 0.0, 0.0, 0.03]
twist: 
  twist: 
    linear: 
      x: -8.29428214479e-16
      y: 0.0
      z: 0.0
    angular: 
      x: 0.0
      y: 0.0
      z: 6.00615477492e-16
  covariance: [0.001, 0.0, 0.0, 0.0, 0.0, 0.0, 0.0, 0.001, 0.0, 0.0, 0.0, 0.0, 0.0, 0.0, 0.001, 0.0, 0.0, 0.0, 0.0, 0.0, 0.0, 1000000.0, 0.0, 0.0, 0.0, 0.0, 0.0, 0.0, 1000000.0, 0.0, 0.0, 0.0, 0.0, 0.0, 0.0, 0.03]
---
header: 
  seq: 292653
  stamp: 
    secs: 1524006691
    nsecs: 194616405
  frame_id: odom
child_frame_id: base_link
pose: 
  pose: 
    position: 
      x: 1.56440062809
      y: 5.44845376072
      z: 0.0
    orientation: 
      x: 0.0
      y: 0.0
      z: -0.0114194966353
      w: 0.999934795422
  covariance: [0.001, 0.0, 0.0, 0.0, 0.0, 0.0, 0.0, 0.001, 0.0, 0.0, 0.0, 0.0, 0.0, 0.0, 1000000.0, 0.0, 0.0, 0.0, 0.0, 0.0, 0.0, 1000000.0, 0.0, 0.0, 0.0, 0.0, 0.0, 0.0, 1000000.0, 0.0, 0.0, 0.0, 0.0, 0.0, 0.0, 0.03]
twist: 
  twist: 
    linear: 
      x: -8.29428214479e-16
      y: 0.0
      z: 0.0
    angular: 
      x: 0.0
      y: 0.0
      z: 6.00615477492e-16
  covariance: [0.001, 0.0, 0.0, 0.0, 0.0, 0.0, 0.0, 0.001, 0.0, 0.0, 0.0, 0.0, 0.0, 0.0, 0.001, 0.0, 0.0, 0.0, 0.0, 0.0, 0.0, 1000000.0, 0.0, 0.0, 0.0, 0.0, 0.0, 0.0, 1000000.0, 0.0, 0.0, 0.0, 0.0, 0.0, 0.0, 0.03]
---
header: 
  seq: 292654
  stamp: 
    secs: 1524006691
    nsecs: 214615737
  frame_id: odom
child_frame_id: base_link
pose: 
  pose: 
    position: 
      x: 1.56440062809
      y: 5.44845376072
      z: 0.0
    orientation: 
      x: 0.0
      y: 0.0
      z: -0.0114194966353
      w: 0.999934795422
  covariance: [0.001, 0.0, 0.0, 0.0, 0.0, 0.0, 0.0, 0.001, 0.0, 0.0, 0.0, 0.0, 0.0, 0.0, 1000000.0, 0.0, 0.0, 0.0, 0.0, 0.0, 0.0, 1000000.0, 0.0, 0.0, 0.0, 0.0, 0.0, 0.0, 1000000.0, 0.0, 0.0, 0.0, 0.0, 0.0, 0.0, 0.03]
twist: 
  twist: 
    linear: 
      x: -8.29428214479e-16
      y: 0.0
      z: 0.0
    angular: 
      x: 0.0
      y: 0.0
      z: 6.00615477492e-16
  covariance: [0.001, 0.0, 0.0, 0.0, 0.0, 0.0, 0.0, 0.001, 0.0, 0.0, 0.0, 0.0, 0.0, 0.0, 0.001, 0.0, 0.0, 0.0, 0.0, 0.0, 0.0, 1000000.0, 0.0, 0.0, 0.0, 0.0, 0.0, 0.0, 1000000.0, 0.0, 0.0, 0.0, 0.0, 0.0, 0.0, 0.03]
---
header: 
  seq: 292655
  stamp: 
    secs: 1524006691
    nsecs: 234641066
  frame_id: odom
child_frame_id: base_link
pose: 
  pose: 
    position: 
      x: 1.56440062809
      y: 5.44845376072
      z: 0.0
    orientation: 
      x: 0.0
      y: 0.0
      z: -0.0114194966353
      w: 0.999934795422
  covariance: [0.001, 0.0, 0.0, 0.0, 0.0, 0.0, 0.0, 0.001, 0.0, 0.0, 0.0, 0.0, 0.0, 0.0, 1000000.0, 0.0, 0.0, 0.0, 0.0, 0.0, 0.0, 1000000.0, 0.0, 0.0, 0.0, 0.0, 0.0, 0.0, 1000000.0, 0.0, 0.0, 0.0, 0.0, 0.0, 0.0, 0.03]
twist: 
  twist: 
    linear: 
      x: -8.29428214479e-16
      y: 0.0
      z: 0.0
    angular: 
      x: 0.0
      y: 0.0
      z: 6.00615477492e-16
  covariance: [0.001, 0.0, 0.0, 0.0, 0.0, 0.0, 0.0, 0.001, 0.0, 0.0, 0.0, 0.0, 0.0, 0.0, 0.001, 0.0, 0.0, 0.0, 0.0, 0.0, 0.0, 1000000.0, 0.0, 0.0, 0.0, 0.0, 0.0, 0.0, 1000000.0, 0.0, 0.0, 0.0, 0.0, 0.0, 0.0, 0.03]
---
header: 
  seq: 292656
  stamp: 
    secs: 1524006691
    nsecs: 254596139
  frame_id: odom
child_frame_id: base_link
pose: 
  pose: 
    position: 
      x: 1.56440062809
      y: 5.44845376072
      z: 0.0
    orientation: 
      x: 0.0
      y: 0.0
      z: -0.0114194966353
      w: 0.999934795422
  covariance: [0.001, 0.0, 0.0, 0.0, 0.0, 0.0, 0.0, 0.001, 0.0, 0.0, 0.0, 0.0, 0.0, 0.0, 1000000.0, 0.0, 0.0, 0.0, 0.0, 0.0, 0.0, 1000000.0, 0.0, 0.0, 0.0, 0.0, 0.0, 0.0, 1000000.0, 0.0, 0.0, 0.0, 0.0, 0.0, 0.0, 0.03]
twist: 
  twist: 
    linear: 
      x: -8.29428214479e-16
      y: 0.0
      z: 0.0
    angular: 
      x: 0.0
      y: 0.0
      z: 6.00615477492e-16
  covariance: [0.001, 0.0, 0.0, 0.0, 0.0, 0.0, 0.0, 0.001, 0.0, 0.0, 0.0, 0.0, 0.0, 0.0, 0.001, 0.0, 0.0, 0.0, 0.0, 0.0, 0.0, 1000000.0, 0.0, 0.0, 0.0, 0.0, 0.0, 0.0, 1000000.0, 0.0, 0.0, 0.0, 0.0, 0.0, 0.0, 0.03]
---
header: 
  seq: 292657
  stamp: 
    secs: 1524006691
    nsecs: 274616322
  frame_id: odom
child_frame_id: base_link
pose: 
  pose: 
    position: 
      x: 1.56440062809
      y: 5.44845376072
      z: 0.0
    orientation: 
      x: 0.0
      y: 0.0
      z: -0.0114194966353
      w: 0.999934795422
  covariance: [0.001, 0.0, 0.0, 0.0, 0.0, 0.0, 0.0, 0.001, 0.0, 0.0, 0.0, 0.0, 0.0, 0.0, 1000000.0, 0.0, 0.0, 0.0, 0.0, 0.0, 0.0, 1000000.0, 0.0, 0.0, 0.0, 0.0, 0.0, 0.0, 1000000.0, 0.0, 0.0, 0.0, 0.0, 0.0, 0.0, 0.03]
twist: 
  twist: 
    linear: 
      x: -8.29428214479e-16
      y: 0.0
      z: 0.0
    angular: 
      x: 0.0
      y: 0.0
      z: 6.00615477492e-16
  covariance: [0.001, 0.0, 0.0, 0.0, 0.0, 0.0, 0.0, 0.001, 0.0, 0.0, 0.0, 0.0, 0.0, 0.0, 0.001, 0.0, 0.0, 0.0, 0.0, 0.0, 0.0, 1000000.0, 0.0, 0.0, 0.0, 0.0, 0.0, 0.0, 1000000.0, 0.0, 0.0, 0.0, 0.0, 0.0, 0.0, 0.03]
---
header: 
  seq: 292658
  stamp: 
    secs: 1524006691
    nsecs: 294616003
  frame_id: odom
child_frame_id: base_link
pose: 
  pose: 
    position: 
      x: 1.56440062809
      y: 5.44845376072
      z: 0.0
    orientation: 
      x: 0.0
      y: 0.0
      z: -0.0114194966353
      w: 0.999934795422
  covariance: [0.001, 0.0, 0.0, 0.0, 0.0, 0.0, 0.0, 0.001, 0.0, 0.0, 0.0, 0.0, 0.0, 0.0, 1000000.0, 0.0, 0.0, 0.0, 0.0, 0.0, 0.0, 1000000.0, 0.0, 0.0, 0.0, 0.0, 0.0, 0.0, 1000000.0, 0.0, 0.0, 0.0, 0.0, 0.0, 0.0, 0.03]
twist: 
  twist: 
    linear: 
      x: -8.29428214479e-16
      y: 0.0
      z: 0.0
    angular: 
      x: 0.0
      y: 0.0
      z: 6.00615477492e-16
  covariance: [0.001, 0.0, 0.0, 0.0, 0.0, 0.0, 0.0, 0.001, 0.0, 0.0, 0.0, 0.0, 0.0, 0.0, 0.001, 0.0, 0.0, 0.0, 0.0, 0.0, 0.0, 1000000.0, 0.0, 0.0, 0.0, 0.0, 0.0, 0.0, 1000000.0, 0.0, 0.0, 0.0, 0.0, 0.0, 0.0, 0.03]
---
header: 
  seq: 292659
  stamp: 
    secs: 1524006691
    nsecs: 314640951
  frame_id: odom
child_frame_id: base_link
pose: 
  pose: 
    position: 
      x: 1.56440062809
      y: 5.44845376072
      z: 0.0
    orientation: 
      x: 0.0
      y: 0.0
      z: -0.0114194966353
      w: 0.999934795422
  covariance: [0.001, 0.0, 0.0, 0.0, 0.0, 0.0, 0.0, 0.001, 0.0, 0.0, 0.0, 0.0, 0.0, 0.0, 1000000.0, 0.0, 0.0, 0.0, 0.0, 0.0, 0.0, 1000000.0, 0.0, 0.0, 0.0, 0.0, 0.0, 0.0, 1000000.0, 0.0, 0.0, 0.0, 0.0, 0.0, 0.0, 0.03]
twist: 
  twist: 
    linear: 
      x: -8.29428214479e-16
      y: 0.0
      z: 0.0
    angular: 
      x: 0.0
      y: 0.0
      z: 6.00615477492e-16
  covariance: [0.001, 0.0, 0.0, 0.0, 0.0, 0.0, 0.0, 0.001, 0.0, 0.0, 0.0, 0.0, 0.0, 0.0, 0.001, 0.0, 0.0, 0.0, 0.0, 0.0, 0.0, 1000000.0, 0.0, 0.0, 0.0, 0.0, 0.0, 0.0, 1000000.0, 0.0, 0.0, 0.0, 0.0, 0.0, 0.0, 0.03]
---
header: 
  seq: 292660
  stamp: 
    secs: 1524006691
    nsecs: 334665991
  frame_id: odom
child_frame_id: base_link
pose: 
  pose: 
    position: 
      x: 1.56440062809
      y: 5.44845376072
      z: 0.0
    orientation: 
      x: 0.0
      y: 0.0
      z: -0.0114194966353
      w: 0.999934795422
  covariance: [0.001, 0.0, 0.0, 0.0, 0.0, 0.0, 0.0, 0.001, 0.0, 0.0, 0.0, 0.0, 0.0, 0.0, 1000000.0, 0.0, 0.0, 0.0, 0.0, 0.0, 0.0, 1000000.0, 0.0, 0.0, 0.0, 0.0, 0.0, 0.0, 1000000.0, 0.0, 0.0, 0.0, 0.0, 0.0, 0.0, 0.03]
twist: 
  twist: 
    linear: 
      x: -8.29428214479e-16
      y: 0.0
      z: 0.0
    angular: 
      x: 0.0
      y: 0.0
      z: 6.00615477492e-16
  covariance: [0.001, 0.0, 0.0, 0.0, 0.0, 0.0, 0.0, 0.001, 0.0, 0.0, 0.0, 0.0, 0.0, 0.0, 0.001, 0.0, 0.0, 0.0, 0.0, 0.0, 0.0, 1000000.0, 0.0, 0.0, 0.0, 0.0, 0.0, 0.0, 1000000.0, 0.0, 0.0, 0.0, 0.0, 0.0, 0.0, 0.03]
---
header: 
  seq: 292661
  stamp: 
    secs: 1524006691
    nsecs: 354616981
  frame_id: odom
child_frame_id: base_link
pose: 
  pose: 
    position: 
      x: 1.56440062809
      y: 5.44845376072
      z: 0.0
    orientation: 
      x: 0.0
      y: 0.0
      z: -0.0114194966353
      w: 0.999934795422
  covariance: [0.001, 0.0, 0.0, 0.0, 0.0, 0.0, 0.0, 0.001, 0.0, 0.0, 0.0, 0.0, 0.0, 0.0, 1000000.0, 0.0, 0.0, 0.0, 0.0, 0.0, 0.0, 1000000.0, 0.0, 0.0, 0.0, 0.0, 0.0, 0.0, 1000000.0, 0.0, 0.0, 0.0, 0.0, 0.0, 0.0, 0.03]
twist: 
  twist: 
    linear: 
      x: -8.29428214479e-16
      y: 0.0
      z: 0.0
    angular: 
      x: 0.0
      y: 0.0
      z: 6.00615477492e-16
  covariance: [0.001, 0.0, 0.0, 0.0, 0.0, 0.0, 0.0, 0.001, 0.0, 0.0, 0.0, 0.0, 0.0, 0.0, 0.001, 0.0, 0.0, 0.0, 0.0, 0.0, 0.0, 1000000.0, 0.0, 0.0, 0.0, 0.0, 0.0, 0.0, 1000000.0, 0.0, 0.0, 0.0, 0.0, 0.0, 0.0, 0.03]
---
header: 
  seq: 292662
  stamp: 
    secs: 1524006691
    nsecs: 374653956
  frame_id: odom
child_frame_id: base_link
pose: 
  pose: 
    position: 
      x: 1.56440062809
      y: 5.44845376072
      z: 0.0
    orientation: 
      x: 0.0
      y: 0.0
      z: -0.0114194966353
      w: 0.999934795422
  covariance: [0.001, 0.0, 0.0, 0.0, 0.0, 0.0, 0.0, 0.001, 0.0, 0.0, 0.0, 0.0, 0.0, 0.0, 1000000.0, 0.0, 0.0, 0.0, 0.0, 0.0, 0.0, 1000000.0, 0.0, 0.0, 0.0, 0.0, 0.0, 0.0, 1000000.0, 0.0, 0.0, 0.0, 0.0, 0.0, 0.0, 0.03]
twist: 
  twist: 
    linear: 
      x: -8.29428214479e-16
      y: 0.0
      z: 0.0
    angular: 
      x: 0.0
      y: 0.0
      z: 6.00615477492e-16
  covariance: [0.001, 0.0, 0.0, 0.0, 0.0, 0.0, 0.0, 0.001, 0.0, 0.0, 0.0, 0.0, 0.0, 0.0, 0.001, 0.0, 0.0, 0.0, 0.0, 0.0, 0.0, 1000000.0, 0.0, 0.0, 0.0, 0.0, 0.0, 0.0, 1000000.0, 0.0, 0.0, 0.0, 0.0, 0.0, 0.0, 0.03]
---
header: 
  seq: 292663
  stamp: 
    secs: 1524006691
    nsecs: 394616319
  frame_id: odom
child_frame_id: base_link
pose: 
  pose: 
    position: 
      x: 1.56440062809
      y: 5.44845376072
      z: 0.0
    orientation: 
      x: 0.0
      y: 0.0
      z: -0.0114194966353
      w: 0.999934795422
  covariance: [0.001, 0.0, 0.0, 0.0, 0.0, 0.0, 0.0, 0.001, 0.0, 0.0, 0.0, 0.0, 0.0, 0.0, 1000000.0, 0.0, 0.0, 0.0, 0.0, 0.0, 0.0, 1000000.0, 0.0, 0.0, 0.0, 0.0, 0.0, 0.0, 1000000.0, 0.0, 0.0, 0.0, 0.0, 0.0, 0.0, 0.03]
twist: 
  twist: 
    linear: 
      x: -8.29428214479e-16
      y: 0.0
      z: 0.0
    angular: 
      x: 0.0
      y: 0.0
      z: 6.00615477492e-16
  covariance: [0.001, 0.0, 0.0, 0.0, 0.0, 0.0, 0.0, 0.001, 0.0, 0.0, 0.0, 0.0, 0.0, 0.0, 0.001, 0.0, 0.0, 0.0, 0.0, 0.0, 0.0, 1000000.0, 0.0, 0.0, 0.0, 0.0, 0.0, 0.0, 1000000.0, 0.0, 0.0, 0.0, 0.0, 0.0, 0.0, 0.03]
---
header: 
  seq: 292664
  stamp: 
    secs: 1524006691
    nsecs: 414617440
  frame_id: odom
child_frame_id: base_link
pose: 
  pose: 
    position: 
      x: 1.56440062809
      y: 5.44845376072
      z: 0.0
    orientation: 
      x: 0.0
      y: 0.0
      z: -0.0114194966353
      w: 0.999934795422
  covariance: [0.001, 0.0, 0.0, 0.0, 0.0, 0.0, 0.0, 0.001, 0.0, 0.0, 0.0, 0.0, 0.0, 0.0, 1000000.0, 0.0, 0.0, 0.0, 0.0, 0.0, 0.0, 1000000.0, 0.0, 0.0, 0.0, 0.0, 0.0, 0.0, 1000000.0, 0.0, 0.0, 0.0, 0.0, 0.0, 0.0, 0.03]
twist: 
  twist: 
    linear: 
      x: -8.29428214479e-16
      y: 0.0
      z: 0.0
    angular: 
      x: 0.0
      y: 0.0
      z: 6.00615477492e-16
  covariance: [0.001, 0.0, 0.0, 0.0, 0.0, 0.0, 0.0, 0.001, 0.0, 0.0, 0.0, 0.0, 0.0, 0.0, 0.001, 0.0, 0.0, 0.0, 0.0, 0.0, 0.0, 1000000.0, 0.0, 0.0, 0.0, 0.0, 0.0, 0.0, 1000000.0, 0.0, 0.0, 0.0, 0.0, 0.0, 0.0, 0.03]
---
header: 
  seq: 292665
  stamp: 
    secs: 1524006691
    nsecs: 434618446
  frame_id: odom
child_frame_id: base_link
pose: 
  pose: 
    position: 
      x: 1.56440062809
      y: 5.44845376072
      z: 0.0
    orientation: 
      x: 0.0
      y: 0.0
      z: -0.0114194966353
      w: 0.999934795422
  covariance: [0.001, 0.0, 0.0, 0.0, 0.0, 0.0, 0.0, 0.001, 0.0, 0.0, 0.0, 0.0, 0.0, 0.0, 1000000.0, 0.0, 0.0, 0.0, 0.0, 0.0, 0.0, 1000000.0, 0.0, 0.0, 0.0, 0.0, 0.0, 0.0, 1000000.0, 0.0, 0.0, 0.0, 0.0, 0.0, 0.0, 0.03]
twist: 
  twist: 
    linear: 
      x: -8.29428214479e-16
      y: 0.0
      z: 0.0
    angular: 
      x: 0.0
      y: 0.0
      z: 6.00615477492e-16
  covariance: [0.001, 0.0, 0.0, 0.0, 0.0, 0.0, 0.0, 0.001, 0.0, 0.0, 0.0, 0.0, 0.0, 0.0, 0.001, 0.0, 0.0, 0.0, 0.0, 0.0, 0.0, 1000000.0, 0.0, 0.0, 0.0, 0.0, 0.0, 0.0, 1000000.0, 0.0, 0.0, 0.0, 0.0, 0.0, 0.0, 0.03]
---
header: 
  seq: 292666
  stamp: 
    secs: 1524006691
    nsecs: 454615554
  frame_id: odom
child_frame_id: base_link
pose: 
  pose: 
    position: 
      x: 1.56440062809
      y: 5.44845376072
      z: 0.0
    orientation: 
      x: 0.0
      y: 0.0
      z: -0.0114194966353
      w: 0.999934795422
  covariance: [0.001, 0.0, 0.0, 0.0, 0.0, 0.0, 0.0, 0.001, 0.0, 0.0, 0.0, 0.0, 0.0, 0.0, 1000000.0, 0.0, 0.0, 0.0, 0.0, 0.0, 0.0, 1000000.0, 0.0, 0.0, 0.0, 0.0, 0.0, 0.0, 1000000.0, 0.0, 0.0, 0.0, 0.0, 0.0, 0.0, 0.03]
twist: 
  twist: 
    linear: 
      x: -8.29428214479e-16
      y: 0.0
      z: 0.0
    angular: 
      x: 0.0
      y: 0.0
      z: 6.00615477492e-16
  covariance: [0.001, 0.0, 0.0, 0.0, 0.0, 0.0, 0.0, 0.001, 0.0, 0.0, 0.0, 0.0, 0.0, 0.0, 0.001, 0.0, 0.0, 0.0, 0.0, 0.0, 0.0, 1000000.0, 0.0, 0.0, 0.0, 0.0, 0.0, 0.0, 1000000.0, 0.0, 0.0, 0.0, 0.0, 0.0, 0.0, 0.03]
---
header: 
  seq: 292667
  stamp: 
    secs: 1524006691
    nsecs: 474616542
  frame_id: odom
child_frame_id: base_link
pose: 
  pose: 
    position: 
      x: 1.56440062809
      y: 5.44845376072
      z: 0.0
    orientation: 
      x: 0.0
      y: 0.0
      z: -0.0114194966353
      w: 0.999934795422
  covariance: [0.001, 0.0, 0.0, 0.0, 0.0, 0.0, 0.0, 0.001, 0.0, 0.0, 0.0, 0.0, 0.0, 0.0, 1000000.0, 0.0, 0.0, 0.0, 0.0, 0.0, 0.0, 1000000.0, 0.0, 0.0, 0.0, 0.0, 0.0, 0.0, 1000000.0, 0.0, 0.0, 0.0, 0.0, 0.0, 0.0, 0.03]
twist: 
  twist: 
    linear: 
      x: -8.29428214479e-16
      y: 0.0
      z: 0.0
    angular: 
      x: 0.0
      y: 0.0
      z: 6.00615477492e-16
  covariance: [0.001, 0.0, 0.0, 0.0, 0.0, 0.0, 0.0, 0.001, 0.0, 0.0, 0.0, 0.0, 0.0, 0.0, 0.001, 0.0, 0.0, 0.0, 0.0, 0.0, 0.0, 1000000.0, 0.0, 0.0, 0.0, 0.0, 0.0, 0.0, 1000000.0, 0.0, 0.0, 0.0, 0.0, 0.0, 0.0, 0.03]
---
^Cheader: 
  seq: 292668
  stamp: 
    secs: 1524006691
    nsecs: 494626042
  frame_id: odom
child_frame_id: base_link
pose: 
  pose: 
    position: 
      x: 1.56440062809
      y: 5.44845376072
      z: 0.0
    orientation: 
      x: 0.0
      y: 0.0
      z: -0.0114194966353
      w: 0.999934795422
  covariance: [0.001, 0.0, 0.0, 0.0, 0.0, 0.0, 0.0, 0.001, 0.0, 0.0, 0.0, 0.0, 0.0, 0.0, 1000000.0, 0.0, 0.0, 0.0, 0.0, 0.0, 0.0, 1000000.0, 0.0, 0.0, 0.0, 0.0, 0.0, 0.0, 1000000.0, 0.0, 0.0, 0.0, 0.0, 0.0, 0.0, 0.03]
twist: 
  twist: 
    linear: 
      x: -8.29428214479e-16
      y: 0.0
      z: 0.0
    angular: 
      x: 0.0
      y: 0.0
      z: 6.00615477492e-16
  covariance: [0.001, 0.0, 0.0, 0.0, 0.0, 0.0, 0.0, 0.001, 0.0, 0.0, 0.0, 0.0, 0.0, 0.0, 0.001, 0.0, 0.0, 0.0, 0.0, 0.0, 0.0, 1000000.0, 0.0, 0.0, 0.0, 0.0, 0.0, 0.0, 1000000.0, 0.0, 0.0, 0.0, 0.0, 0.0, 0.0, 0.03]
---
administrator@CPR-J100-0155:~$ rostopic echo /jackal_velocity_controller/odom
